Sample	0	1	2	3	4	5	6	7	8	9	10	11	12	13	14	15
SRR26260919_1	(1.0, 19.85004572225527)	(2.0, 10.113463795971931)	(3.0, 5.012350259589792)	(4.0, 2.8991491730341377)	(5.0, 1.9504462384380719)	(6.0, 1.4717995304427154)	(7.0, 1.156525319269831)	(8.0, 1.0176751902142405)	(9.0, 0.8618946942309004)	('>10', 11.769097845777676)	('>50', 4.83303228525612)	('>100', 12.80357091932717)	('>500', 7.013792402034193)	('>1k', 13.637732409379927)	('>5k', 2.8537114086459607)	('>10k+', 2.7557128061321015)
SRR26260919_2	(1.0, 24.78739525614111)	(2.0, 9.657289273049823)	(3.0, 4.375841717242406)	(4.0, 2.542977040292881)	(5.0, 1.706799701817827)	(6.0, 1.3247676046510959)	(7.0, 1.0253372459798094)	(8.0, 0.8202381916945867)	(9.0, 0.7735730437560333)	('>10', 10.730638356785224)	('>50', 4.979333232202077)	('>100', 15.234375467138777)	('>500', 7.842150515757955)	('>1k', 11.113422892508277)	('>5k', 1.0536662079367234)	('>10k+', 2.032194253045455)
SRR26260920_1	(1.0, 18.819027947723995)	(2.0, 11.195201866567803)	(3.0, 6.204883998336057)	(4.0, 3.676932037079475)	(5.0, 2.405084981667236)	(6.0, 1.7127391737537696)	(7.0, 1.4165101921137446)	(8.0, 1.0838152187353167)	(9.0, 0.9279133867552636)	('>10', 12.413095800138576)	('>50', 4.623546199596363)	('>100', 11.505648318059942)	('>500', 5.81931939212252)	('>1k', 8.942445205523867)	('>5k', 1.3034314945790264)	('>10k+', 7.95040478724724)
SRR26260920_2	(1.0, 22.348353580786583)	(2.0, 10.819459778774233)	(3.0, 5.551131934456886)	(4.0, 3.268203873981898)	(5.0, 2.107616476939617)	(6.0, 1.563797587934012)	(7.0, 1.230887003896442)	(8.0, 0.9625069176143461)	(9.0, 0.8262573748772487)	('>10', 11.44306000535094)	('>50', 4.88147242990053)	('>100', 13.519257860219483)	('>500', 5.972468209102732)	('>1k', 7.120975521014075)	('>5k', 0.7019872577595381)	('>10k+', 7.682564187391454)
SRR26260921_1	(1.0, 15.160473336439006)	(2.0, 9.28714456014609)	(3.0, 6.5415984362258675)	(4.0, 4.2859000954999065)	(5.0, 2.8503085214715913)	(6.0, 2.0698009373758275)	(7.0, 1.5450087027941737)	(8.0, 1.2363596269379178)	(9.0, 1.0655310804886253)	('>10', 12.991551574554066)	('>50', 5.279035367619206)	('>100', 13.758433816559545)	('>500', 6.209993681726446)	('>1k', 11.21442165705199)	('>5k', 2.5110841534456574)	('>10k+', 3.9933544516641675)
SRR26260921_2	(1.0, 20.260754141342836)	(2.0, 10.49136491997656)	(3.0, 5.690853438923639)	(4.0, 3.2883242405142266)	(5.0, 2.0631187439276695)	(6.0, 1.5473762075362132)	(7.0, 1.1593280402366775)	(8.0, 0.9486263901822988)	(9.0, 0.8437197561269612)	('>10', 11.862385386653889)	('>50', 5.510757266229298)	('>100', 15.928975117016886)	('>500', 7.050464844766324)	('>1k', 9.437828092096298)	('>5k', 0.6574054117002132)	('>10k+', 3.2587180027701286)
SRR26260922_1	(1.0, 25.428515983226536)	(2.0, 10.136156737533117)	(3.0, 5.726694100256003)	(4.0, 3.811394729058887)	(5.0, 3.0007953451684743)	(6.0, 2.3527419538475667)	(7.0, 1.980813055535695)	(8.0, 1.7078538672552424)	(9.0, 1.495163813640704)	('>10', 18.80607027198758)	('>50', 6.219741369824944)	('>100', 11.333744623299042)	('>500', 3.1399888818290673)	('>1k', 3.674073345691525)	('>5k', 0.577328645165551)	('>10k+', 0.6089232766799715)
SRR26260922_2	(1.0, 32.234056157123604)	(2.0, 11.118211244216997)	(3.0, 5.948292076703272)	(4.0, 4.088323525120342)	(5.0, 2.9103749223649213)	(6.0, 2.3617845585501787)	(7.0, 1.8603071611670734)	(8.0, 1.66217925710965)	(9.0, 1.3810858098205059)	('>10', 17.063818369594035)	('>50', 5.631155858969902)	('>100', 9.628880767218579)	('>500', 1.9845177129645273)	('>1k', 1.613702877958436)	('>5k', 0.08322415978526836)	('>10k+', 0.43008554133275145)
SRR26260923_1	(1.0, 26.83878620153484)	(2.0, 11.351422675733833)	(3.0, 5.953396712788299)	(4.0, 3.8634840776529997)	(5.0, 2.8096797125916737)	(6.0, 2.2587863232688754)	(7.0, 1.8461470598977687)	(8.0, 1.5543225896018822)	(9.0, 1.4133516960009609)	('>10', 17.346249730425807)	('>50', 5.969285417025183)	('>100', 10.253550623658777)	('>500', 2.372706127452506)	('>1k', 2.322823746756691)	('>5k', 0.0)	('>10k+', 3.8460073056098194)
SRR26260923_2	(1.0, 27.940235504068156)	(2.0, 12.069853446113385)	(3.0, 6.321764874541512)	(4.0, 4.000286536651757)	(5.0, 2.951426432820864)	(6.0, 2.2881138171941653)	(7.0, 1.8241137973670436)	(8.0, 1.5423205589413285)	(9.0, 1.3419350839538102)	('>10', 17.19734622410761)	('>50', 6.048597661312364)	('>100', 9.951829194419146)	('>500', 1.8393360028943393)	('>1k', 0.8564058919276847)	('>5k', 0.045973947530594396)	('>10k+', 3.7804610261562304)
SRR26260924_1	(1.0, 23.567568988109848)	(2.0, 11.621748833882272)	(3.0, 6.446525430234537)	(4.0, 4.053474832371504)	(5.0, 3.0245695210147483)	(6.0, 2.4157505512962367)	(7.0, 1.9285211383112404)	(8.0, 1.625134965411987)	(9.0, 1.4550828697557536)	('>10', 18.55341828000227)	('>50', 6.222255791743015)	('>100', 11.713041501864229)	('>500', 3.4250267919479085)	('>1k', 3.5109498584945595)	('>5k', 0.1582645619566613)	('>10k+', 0.2786660836030922)
SRR26260924_2	(1.0, 27.97833213924013)	(2.0, 11.59072901496716)	(3.0, 6.280648444402537)	(4.0, 4.028687406211968)	(5.0, 2.975160249790696)	(6.0, 2.3022954138204783)	(7.0, 1.8395463988778356)	(8.0, 1.6096708967071989)	(9.0, 1.3818459097732139)	('>10', 17.276273467430144)	('>50', 6.242016098346773)	('>100', 11.565127484645712)	('>500', 2.72735853371958)	('>1k', 1.7692321530355315)	('>5k', 0.18521652749234066)	('>10k+', 0.24785986153866316)
SRR26260925_1	(1.0, 25.270946786064165)	(2.0, 10.586197092832858)	(3.0, 5.932709654690097)	(4.0, 3.8728819155123433)	(5.0, 2.949495255218891)	(6.0, 2.379331785684295)	(7.0, 1.9550671146111414)	(8.0, 1.6704687410749164)	(9.0, 1.4532199735052498)	('>10', 19.12726820403014)	('>50', 6.700911236976154)	('>100', 11.990130048876752)	('>500', 2.916673780277973)	('>1k', 2.846732250950763)	('>5k', 0.2208855759894851)	('>10k+', 0.12708058370469125)
SRR26260925_2	(1.0, 30.134352795078495)	(2.0, 11.149839688826122)	(3.0, 6.076690489351341)	(4.0, 4.065093457946236)	(5.0, 2.8558482262248615)	(6.0, 2.3235162995256107)	(7.0, 1.957542317917296)	(8.0, 1.6568923253242858)	(9.0, 1.3743704006110737)	('>10', 18.376533106615085)	('>50', 6.5803560048600644)	('>100', 10.65077291397332)	('>500', 1.6281623675853043)	('>1k', 0.9785872882052506)	('>5k', 0.07506071461109262)	('>10k+', 0.11638160334461074)
SRR26260926_1	(1.0, 26.34910623135446)	(2.0, 10.69002025929398)	(3.0, 5.808027272678602)	(4.0, 3.8654901305889515)	(5.0, 2.906651895477338)	(6.0, 2.2908034611461185)	(7.0, 1.9243423319573003)	(8.0, 1.652926343430481)	(9.0, 1.4241795383157465)	('>10', 18.158671697225472)	('>50', 6.442664839332027)	('>100', 11.630000239420916)	('>500', 2.9807091736767566)	('>1k', 2.637077413183578)	('>5k', 0.21328860704054176)	('>10k+', 1.0260405658777598)
SRR26260926_2	(1.0, 29.944981728766702)	(2.0, 10.84163294372907)	(3.0, 5.9189856685821445)	(4.0, 3.9349400880688035)	(5.0, 2.8460036552484715)	(6.0, 2.1767314817033636)	(7.0, 1.8990274953267414)	(8.0, 1.5858640148107979)	(9.0, 1.3304955084232044)	('>10', 18.072224781106733)	('>50', 6.546483725950833)	('>100', 10.914061012915283)	('>500', 1.8608147099385297)	('>1k', 1.1064385059587383)	('>5k', 0.037207655747892504)	('>10k+', 0.9841070237225297)
SRR26260927_1	(1.0, 25.071518076045546)	(2.0, 9.892838511239987)	(3.0, 5.640078976093653)	(4.0, 3.7640784268686818)	(5.0, 2.9144311149257276)	(6.0, 2.3602254094061603)	(7.0, 1.9748383221485322)	(8.0, 1.6375523332300936)	(9.0, 1.4745302475013151)	('>10', 18.87997323394643)	('>50', 6.557966383750669)	('>100', 12.365227507538776)	('>500', 3.3849894060933403)	('>1k', 3.550419132756028)	('>5k', 0.28985906965211755)	('>10k+', 0.24147384880291847)
SRR26260927_2	(1.0, 28.325614621688054)	(2.0, 10.600019583321702)	(3.0, 5.921372767906985)	(4.0, 4.002132713727515)	(5.0, 2.925600178942577)	(6.0, 2.3671855337374645)	(7.0, 1.8470191619584848)	(8.0, 1.6049643123811679)	(9.0, 1.42714582520906)	('>10', 18.56894244756918)	('>50', 6.6376391034118685)	('>100', 11.559071868796796)	('>500', 2.480081773354828)	('>1k', 1.614294382806608)	('>5k', 0.11891572518784332)	('>10k+', 0.0)
SRR26260934_1	(1.0, 59.13403786406136)	(2.0, 15.089998639591256)	(3.0, 4.723371183375981)	(4.0, 2.0001112699076713)	(5.0, 1.0975237023058497)	(6.0, 0.7298837310529845)	(7.0, 0.4746274728384556)	(8.0, 0.3815989735251156)	(9.0, 0.32514329646399115)	('>10', 3.250621530993066)	('>50', 1.2684938750020578)	('>100', 3.29549971535176)	('>500', 1.6966476903482357)	('>1k', 3.558439672773661)	('>5k', 1.4222142621218727)	('>10k+', 1.5517871202865505)
SRR26260934_2	(1.0, 63.83597119352296)	(2.0, 14.024836034661126)	(3.0, 3.7920425751920535)	(4.0, 1.2779575060360062)	(5.0, 0.6714997972125083)	(6.0, 0.4318478779798354)	(7.0, 0.3152036898672129)	(8.0, 0.29090704809725193)	(9.0, 0.2236236549833992)	('>10', 2.801311651113118)	('>50', 1.2225990330617575)	('>100', 3.3063814750029987)	('>500', 1.8460345827692144)	('>1k', 3.8257561171466876)	('>5k', 1.3149890576286265)	('>10k+', 0.8190387057254207)
SRR26260935_1	(1.0, 58.88529344630917)	(2.0, 17.024193836761512)	(3.0, 6.003841463932626)	(4.0, 2.657944046318035)	(5.0, 1.4913249035512324)	(6.0, 0.9118189314680771)	(7.0, 0.6489431468463946)	(8.0, 0.4717971354735292)	(9.0, 0.3895747887493614)	('>10', 3.0125850711430657)	('>50', 0.900834745064881)	('>100', 2.2378250723510367)	('>500', 1.1726295258970612)	('>1k', 2.2694063656123817)	('>5k', 0.7890037266671155)	('>10k+', 1.1329837938545377)
SRR26260935_2	(1.0, 65.4191193406005)	(2.0, 16.062424196486937)	(3.0, 4.6945339089574905)	(4.0, 1.6792226957372698)	(5.0, 0.8797963695935823)	(6.0, 0.5321134591388822)	(7.0, 0.35231396163656037)	(8.0, 0.2633692088681173)	(9.0, 0.17886565552374248)	('>10', 2.241826198233544)	('>50', 0.8322803279010409)	('>100', 2.454871343702941)	('>500', 1.192227801242627)	('>1k', 2.2530568797749484)	('>5k', 0.49882831355007606)	('>10k+', 0.4651503390518683)
SRR26260936_1	(1.0, 55.79952173398666)	(2.0, 15.554480124719753)	(3.0, 5.588027604016502)	(4.0, 2.6022118436863404)	(5.0, 1.5140592692782182)	(6.0, 0.974661159969889)	(7.0, 0.6394263642400168)	(8.0, 0.5290775182730176)	(9.0, 0.41636192138695266)	('>10', 3.441649916593576)	('>50', 0.9527252652164132)	('>100', 2.7696155150254547)	('>500', 1.629785549543122)	('>1k', 4.202270751316417)	('>5k', 1.591236122450038)	('>10k+', 1.7948893402976027)
SRR26260936_2	(1.0, 62.7215765304327)	(2.0, 14.407103836191817)	(3.0, 4.290674216265436)	(4.0, 1.6708063197078804)	(5.0, 0.8728374672689115)	(6.0, 0.5644637273342462)	(7.0, 0.3694693021773685)	(8.0, 0.3016467631243999)	(9.0, 0.23443632301064304)	('>10', 2.497271608954797)	('>50', 0.8804733701635558)	('>100', 2.9564534052141727)	('>500', 1.8420878668566811)	('>1k', 4.6587099494107544)	('>5k', 0.9674167635456685)	('>10k+', 0.7645725503410349)
SRR26260937_1	(1.0, 56.20154872763571)	(2.0, 15.358351114363602)	(3.0, 5.509287752577517)	(4.0, 2.617181828946154)	(5.0, 1.4369338138448142)	(6.0, 0.9531266766587875)	(7.0, 0.6814347316576275)	(8.0, 0.5039737715806656)	(9.0, 0.38182749310625086)	('>10', 3.359238739961664)	('>50', 1.0593638754784465)	('>100', 2.7809545346132643)	('>500', 1.6501183774210282)	('>1k', 4.186525231190936)	('>5k', 1.286539851131607)	('>10k+', 2.033593479831945)
SRR26260937_2	(1.0, 62.62520165396667)	(2.0, 14.357762435329615)	(3.0, 4.325510661128638)	(4.0, 1.7104769336280574)	(5.0, 0.8497585227828074)	(6.0, 0.5591294496505638)	(7.0, 0.3803875444735321)	(8.0, 0.30684754196133124)	(9.0, 0.23763720857289203)	('>10', 2.5811052828406957)	('>50', 0.9408864399465762)	('>100', 3.090296532081677)	('>500', 1.9434323984781197)	('>1k', 4.469206502191731)	('>5k', 0.9984991845215605)	('>10k+', 0.6238617084454017)
SRR26260938_1	(1.0, 57.58698051748625)	(2.0, 16.60250987783233)	(3.0, 6.209335908745291)	(4.0, 2.964830597123113)	(5.0, 1.7358565545087805)	(6.0, 1.1697195755429042)	(7.0, 0.829744211763678)	(8.0, 0.6081253576850384)	(9.0, 0.411458086270458)	('>10', 3.753538183301323)	('>50', 0.976434349105061)	('>100', 2.2848356940251535)	('>500', 1.0959870923145048)	('>1k', 2.0390760534471033)	('>5k', 0.8650580678752259)	('>10k+', 0.8665098729736151)
SRR26260938_2	(1.0, 65.76788304971699)	(2.0, 15.485980407531308)	(3.0, 4.585752464289768)	(4.0, 1.8305147624351732)	(5.0, 0.9572182707534287)	(6.0, 0.5948914114580945)	(7.0, 0.4242100676935848)	(8.0, 0.2856943575505221)	(9.0, 0.25041585882527606)	('>10', 2.523377878505314)	('>50', 0.8441063266423191)	('>100', 2.4541081995747622)	('>500', 1.1976451744842813)	('>1k', 2.0133093989601267)	('>5k', 0.4702589745113975)	('>10k+', 0.314633397067578)
SRR26260939_1	(1.0, 47.216680171602874)	(2.0, 19.209437162525326)	(3.0, 8.490006301321621)	(4.0, 4.3147682102396105)	(5.0, 2.613809201830275)	(6.0, 1.7865463181239056)	(7.0, 1.2958958681422075)	(8.0, 0.9945114217080081)	(9.0, 0.7394302871893826)	('>10', 6.5688925945431755)	('>50', 1.3028585943996616)	('>100', 2.390010344380173)	('>500', 0.8806142785430192)	('>1k', 1.3772712797128277)	('>5k', 0.18962915549308065)	('>10k+', 0.6296388102447937)
SRR26260939_2	(1.0, 54.893789817807495)	(2.0, 19.361946858722533)	(3.0, 7.712833001260883)	(4.0, 3.524296348985211)	(5.0, 1.9010500666555585)	(6.0, 1.1860401555271438)	(7.0, 0.7958855744228204)	(8.0, 0.6131042691425157)	(9.0, 0.49541826867913935)	('>10', 4.11577553051406)	('>50', 0.9412635758251402)	('>100', 2.0026055385618626)	('>500', 0.7829541567765542)	('>1k', 1.0950498750699689)	('>5k', 0.2386051156640737)	('>10k+', 0.3393818463850329)
SRR26260940_1	(1.0, 44.934308490905316)	(2.0, 16.86695440530889)	(3.0, 7.01209145419303)	(4.0, 3.3347278609763102)	(5.0, 2.0537433218252787)	(6.0, 1.2741095246742893)	(7.0, 0.971340700232317)	(8.0, 0.7225460654030023)	(9.0, 0.6180525274769824)	('>10', 5.457520945316249)	('>50', 1.4611434074700194)	('>100', 3.712652656632716)	('>500', 2.0426861079469854)	('>1k', 5.0176540183086855)	('>5k', 1.552623591415535)	('>10k+', 2.9678449219144434)
SRR26260940_2	(1.0, 49.93004659687377)	(2.0, 16.723461362382213)	(3.0, 6.43920453330945)	(4.0, 2.834870814455343)	(5.0, 1.561312206665959)	(6.0, 1.0015072556759144)	(7.0, 0.7317039805188854)	(8.0, 0.5867678398473933)	(9.0, 0.4373508087180643)	('>10', 4.146381882669316)	('>50', 1.233771835583711)	('>100', 3.597454553757478)	('>500', 2.2555339620846975)	('>1k', 5.190157262578656)	('>5k', 1.104914492719502)	('>10k+', 2.225560612159527)
SRR26260941_1	(1.0, 49.70081236096286)	(2.0, 16.166666914695803)	(3.0, 6.523255914685146)	(4.0, 3.4236121730033986)	(5.0, 2.09630388029231)	(6.0, 1.5494769757879172)	(7.0, 1.1245384241227543)	(8.0, 0.8697759360951327)	(9.0, 0.7159093694742157)	('>10', 5.929654830383468)	('>50', 1.3891978038786799)	('>100', 2.8552234218994395)	('>500', 1.3564062092423046)	('>1k', 2.5662833073787987)	('>5k', 0.6235501041456812)	('>10k+', 3.109332373952105)
SRR26260941_2	(1.0, 56.35384080403061)	(2.0, 15.846776692253107)	(3.0, 5.783508825271051)	(4.0, 2.725120222681067)	(5.0, 1.5366912802292834)	(6.0, 0.9960162723310443)	(7.0, 0.770057741836836)	(8.0, 0.5973788211423955)	(9.0, 0.4736973007561898)	('>10', 4.3179066782315)	('>50', 1.141181781290205)	('>100', 2.819958848697413)	('>500', 1.4554359722094068)	('>1k', 2.220450765041712)	('>5k', 0.44116688111933283)	('>10k+', 2.520811112878676)
SRR26260942_1	(1.0, 48.23973317618106)	(2.0, 16.40818861574268)	(3.0, 7.16154456705933)	(4.0, 3.879915618152891)	(5.0, 2.520691934298356)	(6.0, 1.69654773084974)	(7.0, 1.2963756088577203)	(8.0, 1.0065470985114129)	(9.0, 0.8182883542411136)	('>10', 7.22310618656401)	('>50', 1.5326688513873457)	('>100', 2.9162691405081773)	('>500', 1.214968702912702)	('>1k', 2.3290884096292817)	('>5k', 0.9164847701154373)	('>10k+', 0.8395812349888528)
SRR26260942_2	(1.0, 55.95730738649356)	(2.0, 16.350180624583906)	(3.0, 6.306363515097035)	(4.0, 3.069694188210952)	(5.0, 1.786907696568902)	(6.0, 1.1872134575678936)	(7.0, 0.8657745590064838)	(8.0, 0.6370740625274528)	(9.0, 0.5932199108788108)	('>10', 4.8710568059029)	('>50', 1.1894102850956036)	('>100', 2.5797169655363748)	('>500', 1.3749402424311934)	('>1k', 2.2257923060775435)	('>5k', 0.6244725955404068)	('>10k+', 0.3808753984808237)
SRR26260943_1	(1.0, 48.03668471483338)	(2.0, 16.699687502564483)	(3.0, 6.991704504508059)	(4.0, 3.5944092841523454)	(5.0, 2.134187467088594)	(6.0, 1.4839041760441418)	(7.0, 1.1497167147238887)	(8.0, 0.8733126445587489)	(9.0, 0.6811161437042491)	('>10', 6.106661555978303)	('>50', 1.3852047147575652)	('>100', 3.053768449930321)	('>500', 1.5101920289439428)	('>1k', 3.5451969240502854)	('>5k', 1.1819207882624023)	('>10k+', 1.5723323858991212)
SRR26260943_2	(1.0, 54.22516960721161)	(2.0, 16.57854576608451)	(3.0, 6.258407435592549)	(4.0, 2.8645257567540003)	(5.0, 1.5663468344539306)	(6.0, 1.0733510159385278)	(7.0, 0.813850110455145)	(8.0, 0.567232420621519)	(9.0, 0.4867603343081592)	('>10', 4.391518012791637)	('>50', 1.1591788551045206)	('>100', 3.0501440251726444)	('>500', 1.7349751528187434)	('>1k', 3.5183365961888486)	('>5k', 0.8102301757428141)	('>10k+', 0.901427900761013)
SRR26260944_1	(1.0, 48.86451253557843)	(2.0, 17.034818700562248)	(3.0, 7.453197842937306)	(4.0, 3.980394891308986)	(5.0, 2.5464594883398872)	(6.0, 1.746677658330684)	(7.0, 1.3118452286955806)	(8.0, 1.0216729765574732)	(9.0, 0.8364917041851481)	('>10', 7.095431619028787)	('>50', 1.4134931464637346)	('>100', 2.54110260150819)	('>500', 0.9886932007897496)	('>1k', 1.8563675529922254)	('>5k', 0.6613713812663167)	('>10k+', 0.6474694714551197)
SRR26260944_2	(1.0, 56.422103371583745)	(2.0, 17.129787932906577)	(3.0, 6.568774228693597)	(4.0, 3.168124031745597)	(5.0, 1.836641044215944)	(6.0, 1.2917089019691135)	(7.0, 0.9019549793009181)	(8.0, 0.7071925248801632)	(9.0, 0.5682054178253513)	('>10', 4.658880631995712)	('>50', 1.1002003526547515)	('>100', 2.2336118339483955)	('>500', 0.9855807965634085)	('>1k', 1.7060336057007734)	('>5k', 0.39301261236464524)	('>10k+', 0.32818773365132947)
SRR26260945_1	(1.0, 46.27237462137413)	(2.0, 19.700837018241153)	(3.0, 8.551982423469124)	(4.0, 4.3457527130176015)	(5.0, 2.526382266665879)	(6.0, 1.6866150234387325)	(7.0, 1.209301127181339)	(8.0, 0.950698473059179)	(9.0, 0.781760448609994)	('>10', 6.558808731566848)	('>50', 1.3866033094638919)	('>100', 2.5043494861647453)	('>500', 0.8132465147912444)	('>1k', 1.4775324465201098)	('>5k', 0.20282950060548358)	('>10k+', 1.030925895830621)
SRR26260945_2	(1.0, 53.17999558614541)	(2.0, 19.84939315325241)	(3.0, 7.859548689211366)	(4.0, 3.525777551990275)	(5.0, 1.884637803000902)	(6.0, 1.2087401600762735)	(7.0, 0.7998425195771761)	(8.0, 0.7054290472670606)	(9.0, 0.507381563385478)	('>10', 4.365543002380708)	('>50', 1.1353877650991395)	('>100', 2.1652034551909116)	('>500', 0.789015791859374)	('>1k', 1.0228355157735214)	('>5k', 0.16822000702750994)	('>10k+', 0.833048388762448)
SRR26260946_1	(1.0, 51.90799723184405)	(2.0, 17.029313247753038)	(3.0, 6.628669488893843)	(4.0, 3.303318858539965)	(5.0, 1.9043713612331334)	(6.0, 1.3591560240855858)	(7.0, 0.9709107221760351)	(8.0, 0.7994586092023911)	(9.0, 0.6370510923673443)	('>10', 5.420134270593953)	('>50', 1.4137929283173916)	('>100', 3.0725567053286755)	('>500', 1.5172640963158086)	('>1k', 2.3983412989186905)	('>5k', 0.4919643239249003)	('>10k+', 1.1456997405053433)
SRR26260946_2	(1.0, 57.79520909303084)	(2.0, 16.547184461072607)	(3.0, 5.872114248353283)	(4.0, 2.58408224347821)	(5.0, 1.5315602570902467)	(6.0, 0.9247498807718354)	(7.0, 0.6994696729670066)	(8.0, 0.5595370275272191)	(9.0, 0.4213458907271645)	('>10', 4.0820341654955365)	('>50', 1.1932682505965762)	('>100', 3.0973831380979746)	('>500', 1.355159701424448)	('>1k', 2.0124592377395856)	('>5k', 0.41971984252446215)	('>10k+', 0.9047228891029525)
SRR26260947_1	(1.0, 48.858067373692975)	(2.0, 16.82816221791528)	(3.0, 6.964104729296052)	(4.0, 3.500116998823973)	(5.0, 2.094085287754641)	(6.0, 1.4220142917759497)	(7.0, 1.0870169567142125)	(8.0, 0.8481426982180849)	(9.0, 0.6809586913835968)	('>10', 6.240126886273469)	('>50', 1.5779906850728072)	('>100', 3.220964789887433)	('>500', 1.4149761477206244)	('>1k', 3.1853669089383168)	('>5k', 0.6085687441275576)	('>10k+', 1.469336592405037)
SRR26260947_2	(1.0, 54.85161340214216)	(2.0, 16.664440721923267)	(3.0, 6.269497450668589)	(4.0, 2.8835278112020575)	(5.0, 1.5817410782248444)	(6.0, 1.0968901608253847)	(7.0, 0.8102609625389792)	(8.0, 0.6232504757799785)	(9.0, 0.4645616619576437)	('>10', 4.582526658090176)	('>50', 1.26910099835495)	('>100', 3.2421888542052426)	('>500', 1.6060131633864767)	('>1k', 2.513029828867277)	('>5k', 0.6192997103510474)	('>10k+', 0.9220570614820612)
SRR26260948_1	(1.0, 45.31271390081184)	(2.0, 18.69038796261276)	(3.0, 8.391485688375825)	(4.0, 4.325225443104132)	(5.0, 2.599164733915554)	(6.0, 1.7141541856566789)	(7.0, 1.3502395176304725)	(8.0, 1.0571930345021483)	(9.0, 0.8048764084107117)	('>10', 6.9166856727017665)	('>50', 1.4541441453479886)	('>100', 2.7015135099668712)	('>500', 0.9574674014277043)	('>1k', 1.7564683635541434)	('>5k', 0.3841109036565518)	('>10k+', 1.5841691283248318)
SRR26260948_2	(1.0, 52.28898026810632)	(2.0, 18.932409544187422)	(3.0, 7.7219825818673105)	(4.0, 3.5376199181927617)	(5.0, 1.9546205323717203)	(6.0, 1.2937169018672166)	(7.0, 0.9213446639215414)	(8.0, 0.6909727236698643)	(9.0, 0.5030232781115423)	('>10', 4.684054518821499)	('>50', 1.0868700289579933)	('>100', 2.2655475453808167)	('>500', 1.0297543143041976)	('>1k', 1.3921479869810827)	('>5k', 0.4034768931191075)	('>10k+', 1.2934783001394359)
SRR26260949_1	(1.0, 52.576624024528975)	(2.0, 17.37004470099816)	(3.0, 6.821349287920668)	(4.0, 3.1695717232305465)	(5.0, 1.8710353993941862)	(6.0, 1.2659196495691103)	(7.0, 0.9274586835746519)	(8.0, 0.7544676484502983)	(9.0, 0.527423367309066)	('>10', 5.027989535901218)	('>50', 1.3497816760305807)	('>100', 3.0187801918944617)	('>500', 1.3336765746821713)	('>1k', 2.3742703344574205)	('>5k', 0.5406674028911407)	('>10k+', 1.0709397991671514)
SRR26260949_2	(1.0, 59.22430795797319)	(2.0, 16.81848329775696)	(3.0, 5.63055454476762)	(4.0, 2.3957025768333584)	(5.0, 1.3242048586265411)	(6.0, 0.9448035055503257)	(7.0, 0.6561875111582353)	(8.0, 0.45760368647053407)	(9.0, 0.41212308491531957)	('>10', 3.67012656867403)	('>50', 1.1348216033008947)	('>100', 3.05739826062018)	('>500', 1.2939348079678639)	('>1k', 1.8634602826808633)	('>5k', 0.19524058518234733)	('>10k+', 0.9210468675218267)
SRR26260950_1	(1.0, 57.787386293350465)	(2.0, 16.031517992081902)	(3.0, 5.427814647926586)	(4.0, 2.3584364020466766)	(5.0, 1.2527648891015555)	(6.0, 0.8152936189089373)	(7.0, 0.5474591740559139)	(8.0, 0.44137138847872603)	(9.0, 0.35888116185547475)	('>10', 3.1579485231378284)	('>50', 0.9730474069035107)	('>100', 2.7260438605917416)	('>500', 1.5816463574844235)	('>1k', 3.4540422553977748)	('>5k', 1.306241925840385)	('>10k+', 1.7801041028379327)
SRR26260950_2	(1.0, 64.4882209027368)	(2.0, 14.474694502235364)	(3.0, 4.114913877076218)	(4.0, 1.5087251655392953)	(5.0, 0.7368482205848524)	(6.0, 0.46023526933154185)	(7.0, 0.33721526408419494)	(8.0, 0.26505287032320246)	(9.0, 0.19532347529912522)	('>10', 2.329544641324501)	('>50', 0.9154035699773442)	('>100', 2.8932401605029403)	('>500', 1.7550023526329788)	('>1k', 3.984719479762437)	('>5k', 0.8559511907167519)	('>10k+', 0.6849090578724351)
SRR26260951_1	(1.0, 52.51866673057714)	(2.0, 16.740992355120905)	(3.0, 6.2944998547143225)	(4.0, 3.0875481966678806)	(5.0, 1.9452152840797137)	(6.0, 1.2779592531959063)	(7.0, 0.9559454799666454)	(8.0, 0.7333004252081564)	(9.0, 0.601692231928422)	('>10', 5.27363744333614)	('>50', 1.353591248013957)	('>100', 3.082450617978325)	('>500', 1.4743878102105783)	('>1k', 3.18120065278071)	('>5k', 0.6142422470053973)	('>10k+', 0.8646701692157813)
SRR26260951_2	(1.0, 58.12734092299646)	(2.0, 16.34629223693431)	(3.0, 5.609604061759111)	(4.0, 2.478748089269726)	(5.0, 1.4570729884367124)	(6.0, 0.9314105853746767)	(7.0, 0.6650210367458622)	(8.0, 0.4834311168389133)	(9.0, 0.4019418764188612)	('>10', 3.9160408391374255)	('>50', 1.1889774067664174)	('>100', 3.352646581836)	('>500', 1.5794633661262967)	('>1k', 2.5134173607664603)	('>5k', 0.45495978628603717)	('>10k+', 0.49363174430671236)
SRR26260989_1	(1.0, 16.672881545473338)	(2.0, 2.85462862525108)	(3.0, 0.9667162273918886)	(4.0, 0.5183948776085313)	(5.0, 0.33206103421739)	(6.0, 0.25878271007293463)	(7.0, 0.19152092006274873)	(8.0, 0.18005748962044577)	(9.0, 0.14993514634832542)	('>10', 2.0114514592348702)	('>50', 1.1226382571479807)	('>100', 4.92476109851275)	('>500', 4.3206659474394975)	('>1k', 18.762600512619393)	('>5k', 11.8978389919134)	('>10k+', 34.83506515708543)
SRR26260989_2	(1.0, 19.164319751540422)	(2.0, 2.6694147315839953)	(3.0, 0.814412277342654)	(4.0, 0.43541740006517815)	(5.0, 0.29254081219239186)	(6.0, 0.22669238033699254)	(7.0, 0.16183563157506636)	(8.0, 0.12791932355868504)	(9.0, 0.10507283744830653)	('>10', 1.0662989918682184)	('>50', 0.6031652949345833)	('>100', 5.34827358139421)	('>500', 7.077845419420452)	('>1k', 35.63443241460106)	('>5k', 15.232579203761693)	('>10k+', 11.03977994837613)
SRR26260990_1	(1.0, 16.242513630391368)	(2.0, 2.794094981019039)	(3.0, 0.9482614556366576)	(4.0, 0.4899747282766781)	(5.0, 0.34016016679244426)	(6.0, 0.24732226830503312)	(7.0, 0.1975338248817468)	(8.0, 0.16765498797996517)	(9.0, 0.1369948450628038)	('>10', 1.9734250501501849)	('>50', 1.0294132583455253)	('>100', 4.6805248947309055)	('>500', 4.187709645869406)	('>1k', 18.30315050424146)	('>5k', 11.996278959718634)	('>10k+', 36.264986798598116)
SRR26260990_2	(1.0, 18.814715217135895)	(2.0, 2.5444455825978594)	(3.0, 0.8419908403548717)	(4.0, 0.4415217758817546)	(5.0, 0.2809191921964559)	(6.0, 0.21991854502661357)	(7.0, 0.1565881034490931)	(8.0, 0.13284449626754924)	(9.0, 0.10224837881102475)	('>10', 1.0645906976000117)	('>50', 0.5905222658633662)	('>100', 5.03274469559636)	('>500', 6.722050279236405)	('>1k', 34.871686930068606)	('>5k', 16.176371220426827)	('>10k+', 12.006841779487237)
SRR26260991_1	(1.0, 14.595597224138748)	(2.0, 2.6861538957845448)	(3.0, 0.9413650225222614)	(4.0, 0.5291382647152473)	(5.0, 0.32766549568999176)	(6.0, 0.2544752944633149)	(7.0, 0.18750098538919288)	(8.0, 0.1715943400468251)	(9.0, 0.15530100686396)	('>10', 1.9323153217121278)	('>50', 1.0353321768369337)	('>100', 4.678366459244692)	('>500', 4.17796577243518)	('>1k', 18.062757117869566)	('>5k', 12.354801862186926)	('>10k+', 37.909669760100485)
SRR26260991_2	(1.0, 17.019747870371035)	(2.0, 2.5313043228038663)	(3.0, 0.804345070210084)	(4.0, 0.4177383606561202)	(5.0, 0.2808447135005316)	(6.0, 0.2096353259248419)	(7.0, 0.15714699458979714)	(8.0, 0.1219984195768069)	(9.0, 0.09906428191909994)	('>10', 1.0936680066657032)	('>50', 0.6063903115289441)	('>100', 5.017221542339467)	('>500', 6.753421277152135)	('>1k', 34.396240557372046)	('>5k', 16.482661322544143)	('>10k+', 14.008571622845386)
SRR26260992_1	(1.0, 15.562676840913237)	(2.0, 2.7723450382727575)	(3.0, 0.9853036571405432)	(4.0, 0.5063225335488304)	(5.0, 0.3472998064568075)	(6.0, 0.2579024596741575)	(7.0, 0.2124525166116861)	(8.0, 0.16758156107536182)	(9.0, 0.14512505302801942)	('>10', 2.044752311855082)	('>50', 1.0609646306224174)	('>100', 4.988022748704438)	('>500', 4.334568151232157)	('>1k', 18.691581000380967)	('>5k', 12.238885811616987)	('>10k+', 35.684215878866524)
SRR26260992_2	(1.0, 17.94102120759914)	(2.0, 2.5406407058436757)	(3.0, 0.7812335594638059)	(4.0, 0.419716941346861)	(5.0, 0.2812938942766204)	(6.0, 0.2106502745511875)	(7.0, 0.14758007980377563)	(8.0, 0.11623656722308198)	(9.0, 0.10370414959599807)	('>10', 1.0625280292556107)	('>50', 0.648236762924671)	('>100', 5.515497313219718)	('>500', 7.110457834157372)	('>1k', 35.242992154182446)	('>5k', 15.038291417328573)	('>10k+', 12.839919109227523)
SRR26260993_1	(1.0, 14.49410541295931)	(2.0, 2.7004418267930124)	(3.0, 0.9326564564789745)	(4.0, 0.5352425410131008)	(5.0, 0.35465608731611814)	(6.0, 0.26531381986747676)	(7.0, 0.21746352233658617)	(8.0, 0.1798455150153715)	(9.0, 0.14419916221885914)	('>10', 2.0764784786688866)	('>50', 1.0140519320004653)	('>100', 4.638678000760461)	('>500', 4.071517694481677)	('>1k', 17.404738625349083)	('>5k', 11.560106130522001)	('>10k+', 39.410504794218575)
SRR26260993_2	(1.0, 17.15538746225413)	(2.0, 2.4673445309800077)	(3.0, 0.8043825478355481)	(4.0, 0.4173759318645302)	(5.0, 0.2934565274666004)	(6.0, 0.19870373361710886)	(7.0, 0.1497921037879154)	(8.0, 0.12510384026466664)	(9.0, 0.1111615222899704)	('>10', 1.079639456751448)	('>50', 0.608429406372932)	('>100', 5.3550077111673176)	('>500', 6.991862003856935)	('>1k', 34.77953853702466)	('>5k', 15.298199981531527)	('>10k+', 14.164614702934667)
SRR26260994_1	(1.0, 46.70443622710038)	(2.0, 13.99564923237087)	(3.0, 6.169429394156222)	(4.0, 3.7835755163725566)	(5.0, 2.554167878902563)	(6.0, 1.9376304087008565)	(7.0, 1.4094037392829348)	(8.0, 1.1582951810905795)	(9.0, 0.9482791587594784)	('>10', 8.73683994535252)	('>50', 2.151666473434811)	('>100', 4.438238517737581)	('>500', 1.7094472737184694)	('>1k', 3.023053562560854)	('>5k', 0.612583806741289)	('>10k+', 0.6673036837181293)
SRR26260994_2	(1.0, 54.73796869004776)	(2.0, 14.185639140137141)	(3.0, 5.537553125504386)	(4.0, 2.923447461262583)	(5.0, 1.8837321866469823)	(6.0, 1.3748229950057618)	(7.0, 1.0352768413693247)	(8.0, 0.8222904200930226)	(9.0, 0.6406670118711421)	('>10', 6.174877693677263)	('>50', 2.007049550384098)	('>100', 4.835009630463468)	('>500', 1.4268823879536965)	('>1k', 1.5999415901647707)	('>5k', 0.3182082556123874)	('>10k+', 0.4966330198063632)
SRR26260995_1	(1.0, 50.40069525637594)	(2.0, 14.159955340918154)	(3.0, 5.987252951602694)	(4.0, 3.362468629028417)	(5.0, 2.3411035663200357)	(6.0, 1.6897172663071998)	(7.0, 1.23215103705353)	(8.0, 1.0834123101207702)	(9.0, 0.8209296917680927)	('>10', 7.512665091430927)	('>50', 2.044543714351031)	('>100', 4.144793497612825)	('>500', 1.5575128535554994)	('>1k', 2.4655499640225984)	('>5k', 0.5604038270428017)	('>10k+', 0.6368450024895185)
SRR26260995_2	(1.0, 57.25481709926208)	(2.0, 13.906684776387559)	(3.0, 5.29054215235916)	(4.0, 2.7299793113290485)	(5.0, 1.7023256206180595)	(6.0, 1.1622227762871509)	(7.0, 0.8811660858090477)	(8.0, 0.7110126098741643)	(9.0, 0.5605449978531782)	('>10', 6.048917899107193)	('>50', 2.1052058112741867)	('>100', 4.0516828338668756)	('>500', 1.1549631096260122)	('>1k', 1.638609900067952)	('>5k', 0.2898367658121286)	('>10k+', 0.5114882504662953)
SRR26260996_1	(1.0, 43.47833851753382)	(2.0, 13.830720501261725)	(3.0, 6.614413336541632)	(4.0, 3.956026588836075)	(5.0, 2.8000083879429356)	(6.0, 2.0086335679205636)	(7.0, 1.5461280739759646)	(8.0, 1.278320315857426)	(9.0, 1.0109502773002699)	('>10', 10.043233958233074)	('>50', 2.2894410833371617)	('>100', 4.40150213400276)	('>500', 1.7458408402317784)	('>1k', 3.2024439105406928)	('>5k', 0.6957119977640416)	('>10k+', 1.0982865087203046)
SRR26260996_2	(1.0, 50.92966546590168)	(2.0, 14.338058333654628)	(3.0, 6.149497474747165)	(4.0, 3.377508240837764)	(5.0, 2.2585581843050333)	(6.0, 1.5186224002340012)	(7.0, 1.2558036345364656)	(8.0, 0.8924765728833389)	(9.0, 0.7392862762957485)	('>10', 7.200728569985962)	('>50', 2.0968744578693412)	('>100', 4.605028060191854)	('>500', 1.3386633214414023)	('>1k', 2.1654293505847537)	('>5k', 0.45242147229153806)	('>10k+', 0.6813781842391732)
SRR26260997_1	(1.0, 47.21627628837916)	(2.0, 14.34394544632315)	(3.0, 6.596238762390037)	(4.0, 3.763037057261192)	(5.0, 2.570777627563989)	(6.0, 1.8309659386876307)	(7.0, 1.440854729861802)	(8.0, 1.178187319126754)	(9.0, 0.893858940972253)	('>10', 8.692619557347518)	('>50', 2.0509270520347025)	('>100', 4.0589350688181565)	('>500', 1.4833609430923513)	('>1k', 2.361295458342812)	('>5k', 0.679264000827673)	('>10k+', 0.8394558089709774)
SRR26260997_2	(1.0, 54.16434232440989)	(2.0, 14.761757205376707)	(3.0, 5.788535082462796)	(4.0, 3.0919437490378563)	(5.0, 1.9137146076968574)	(6.0, 1.4205518033215165)	(7.0, 1.1120929497793424)	(8.0, 0.8037936935849194)	(9.0, 0.6840642891530637)	('>10', 6.543203104324465)	('>50', 1.9394557663850387)	('>100', 3.8166573271505264)	('>500', 1.1976639747592688)	('>1k', 1.7578609263155034)	('>5k', 0.377395902797671)	('>10k+', 0.6269672934448061)
SRR26260998_1	(1.0, 48.51265232927097)	(2.0, 14.108716886329606)	(3.0, 6.21834960303818)	(4.0, 3.649326566869208)	(5.0, 2.5312480000890747)	(6.0, 1.7795765059055169)	(7.0, 1.4015592055310924)	(8.0, 1.0585849952022333)	(9.0, 0.8992525010763338)	('>10', 8.366296600756842)	('>50', 2.0243093752191377)	('>100', 4.012920700788977)	('>500', 1.419797532657732)	('>1k', 2.525483731911425)	('>5k', 0.760192383332138)	('>10k+', 0.7317330820214303)
SRR26260998_2	(1.0, 55.80608096529722)	(2.0, 14.03492005454616)	(3.0, 5.544952289798929)	(4.0, 2.9733561065833665)	(5.0, 1.8742417419588369)	(6.0, 1.3095535286255697)	(7.0, 0.9974840956035064)	(8.0, 0.7520394547964474)	(9.0, 0.6410820593757802)	('>10', 6.232253379319086)	('>50', 2.067684737618092)	('>100', 3.7236365101989453)	('>500', 1.2630912113911728)	('>1k', 1.8279102168201193)	('>5k', 0.3424418388435485)	('>10k+', 0.6092718092233553)
SRR26260999_1	(1.0, 45.656757586028355)	(2.0, 14.664571383536812)	(3.0, 6.662512549537444)	(4.0, 3.8644990434671724)	(5.0, 2.692492074215801)	(6.0, 1.8993723172056713)	(7.0, 1.4911054214199697)	(8.0, 1.1951061339119962)	(9.0, 0.9793747622287114)	('>10', 8.965201092354441)	('>50', 2.1471400292782694)	('>100', 3.969801485146622)	('>500', 1.5224319906545933)	('>1k', 2.593826234994336)	('>5k', 0.6159143580871874)	('>10k+', 1.079893537932906)
SRR26260999_2	(1.0, 52.94467954318638)	(2.0, 14.711307348264668)	(3.0, 5.972802757692039)	(4.0, 3.347632382349836)	(5.0, 2.1171732273554404)	(6.0, 1.5479390764494483)	(7.0, 1.1248546957877132)	(8.0, 0.8840534464754836)	(9.0, 0.6871390378289407)	('>10', 6.623392175071988)	('>50', 1.9806208848465983)	('>100', 3.7065284546467305)	('>500', 1.228209534990152)	('>1k', 1.9690807844803013)	('>5k', 0.4795173032346247)	('>10k+', 0.6750693473395214)
SRR26261000_1	(1.0, 48.717470772901265)	(2.0, 14.18965942122379)	(3.0, 6.494655401761991)	(4.0, 3.850716074892069)	(5.0, 2.615535367080534)	(6.0, 1.901530409946285)	(7.0, 1.4218944831511346)	(8.0, 1.1450238942553435)	(9.0, 0.97772931431516)	('>10', 8.871256445489426)	('>50', 1.930689353916194)	('>100', 3.229208874207147)	('>500', 1.0881014537557643)	('>1k', 2.019919726142367)	('>5k', 0.6934423297678658)	('>10k+', 0.8531666771932169)
SRR26261000_2	(1.0, 55.853577022319065)	(2.0, 14.32002954399437)	(3.0, 5.833662784434424)	(4.0, 3.217661835311846)	(5.0, 2.038837277925848)	(6.0, 1.4549924661956566)	(7.0, 1.060849981678736)	(8.0, 0.8378407598154533)	(9.0, 0.7391963585493009)	('>10', 6.4357931772533155)	('>50', 1.5507192895448008)	('>100', 2.712876793719948)	('>500', 1.1134750390367385)	('>1k', 1.8192742107321043)	('>5k', 0.38190460950263977)	('>10k+', 0.6293088499858428)
SRR26261001_1	(1.0, 45.93086514539569)	(2.0, 14.38796118893897)	(3.0, 6.7296709009314695)	(4.0, 3.91601413776514)	(5.0, 2.719968959067614)	(6.0, 2.0679168741571963)	(7.0, 1.561820353070249)	(8.0, 1.2356640400423478)	(9.0, 0.97265018635142)	('>10', 9.760776765729588)	('>50', 2.1129837763589907)	('>100', 3.6174021406669636)	('>500', 1.1528338406557144)	('>1k', 2.1819670806700864)	('>5k', 0.761211050187648)	('>10k+', 0.8902935600110425)
SRR26261001_2	(1.0, 53.49815270557086)	(2.0, 14.79862431836053)	(3.0, 6.20229120747194)	(4.0, 3.344021526985245)	(5.0, 2.222661731023799)	(6.0, 1.6330610271471035)	(7.0, 1.143199775384528)	(8.0, 0.894510789133051)	(9.0, 0.7805822939005949)	('>10', 6.8729038844344155)	('>50', 1.603956346863023)	('>100', 2.9686650743619225)	('>500', 1.1095559544399103)	('>1k', 1.8631542082948223)	('>5k', 0.3631445016824749)	('>10k+', 0.7015146549458191)
SRR26261002_1	(1.0, 49.228499255210394)	(2.0, 14.430371975583899)	(3.0, 6.449037570903228)	(4.0, 3.661641432088348)	(5.0, 2.4817137392817794)	(6.0, 1.7607722106770407)	(7.0, 1.4249407291480736)	(8.0, 1.1452843850774792)	(9.0, 0.9681246770161427)	('>10', 8.608612252939837)	('>50', 1.9539684433244597)	('>100', 3.4011471541790304)	('>500', 1.068813636760053)	('>1k', 2.0809967392694317)	('>5k', 0.539178918178497)	('>10k+', 0.796896880362359)
SRR26261002_2	(1.0, 56.50248462778467)	(2.0, 14.488339654539296)	(3.0, 5.763953920104453)	(4.0, 3.096767833140982)	(5.0, 1.9870071423937734)	(6.0, 1.4058583270618754)	(7.0, 1.0362346841126833)	(8.0, 0.766954115092905)	(9.0, 0.7013953569776663)	('>10', 6.349699201925782)	('>50', 1.5104995845675477)	('>100', 2.7501529273687266)	('>500', 1.0447984145325127)	('>1k', 1.7001070630318103)	('>5k', 0.2301501654926152)	('>10k+', 0.6655969818726025)
SRR26261003_1	(1.0, 47.808582606739364)	(2.0, 14.520598587234856)	(3.0, 6.533237562621144)	(4.0, 3.8962062458468534)	(5.0, 2.5509264215622345)	(6.0, 1.9950353924694992)	(7.0, 1.5028529360513299)	(8.0, 1.1870030808762926)	(9.0, 0.9780024682936067)	('>10', 9.284827493045674)	('>50', 2.0351410458502506)	('>100', 3.3495563668707735)	('>500', 1.033124769748476)	('>1k', 1.8807311746123785)	('>5k', 0.6565144411329314)	('>10k+', 0.7876594070447638)
SRR26261003_2	(1.0, 56.007513493222746)	(2.0, 14.569435206636497)	(3.0, 5.907110761941723)	(4.0, 3.233128545601672)	(5.0, 2.0696877197888086)	(6.0, 1.4800477005150139)	(7.0, 1.1418086521434454)	(8.0, 0.8589558905545943)	(9.0, 0.6900256476086403)	('>10', 6.31432431997721)	('>50', 1.4882952837637733)	('>100', 2.62344655906259)	('>500', 1.0492806924195899)	('>1k', 1.6343189214879392)	('>5k', 0.3694080596656538)	('>10k+', 0.5632125456100023)
SRR26261004_1	(1.0, 52.056561384183865)	(2.0, 14.592105215612195)	(3.0, 6.140510415180991)	(4.0, 3.4889782687875877)	(5.0, 2.243396720208004)	(6.0, 1.6942033252478874)	(7.0, 1.2486834883955178)	(8.0, 1.054627609164865)	(9.0, 0.8839689556754059)	('>10', 7.809171486573914)	('>50', 1.7483969929095036)	('>100', 2.915469311349149)	('>500', 1.018136399093632)	('>1k', 1.8882246993846912)	('>5k', 0.5732906264534355)	('>10k+', 0.644275101779432)
SRR26261004_2	(1.0, 59.484737574963475)	(2.0, 13.928227910982752)	(3.0, 5.420779967662045)	(4.0, 2.782264441018458)	(5.0, 1.7579560233973373)	(6.0, 1.3176653666903797)	(7.0, 0.9495130457360499)	(8.0, 0.7160717002162112)	(9.0, 0.6131968146381753)	('>10', 5.6093754017258455)	('>50', 1.483818615906999)	('>100', 2.5283381327250765)	('>500', 0.9935593398081265)	('>1k', 1.5791233676485248)	('>5k', 0.3053347100974597)	('>10k+', 0.5300375867830167)
SRR26261005_1	(1.0, 50.57035829098366)	(2.0, 14.40290596367387)	(3.0, 6.284616666958523)	(4.0, 3.6598738789883893)	(5.0, 2.3739606111727802)	(6.0, 1.7600054053823877)	(7.0, 1.383535193829214)	(8.0, 1.0672823817710362)	(9.0, 0.9171682685010488)	('>10', 8.152196794371994)	('>50', 1.7610185038444175)	('>100', 3.0568525597252902)	('>500', 1.109890094083709)	('>1k', 2.142330798032196)	('>5k', 0.6854710806043265)	('>10k+', 0.6725335080772344)
SRR26261005_2	(1.0, 57.44458748513402)	(2.0, 14.371347607071813)	(3.0, 5.742613618236119)	(4.0, 2.9546150079147213)	(5.0, 1.903917422688977)	(6.0, 1.3803469911385875)	(7.0, 1.015781026199174)	(8.0, 0.7702511367729246)	(9.0, 0.6520615367006781)	('>10', 5.881884922676776)	('>50', 1.4523977410268152)	('>100', 2.6554356546344327)	('>500', 1.1097170002064656)	('>1k', 1.8349464704537428)	('>5k', 0.2564636759073551)	('>10k+', 0.5736327032373798)
SRR26261006_1	(1.0, 17.064529820211348)	(2.0, 3.049172783607679)	(3.0, 1.072317139386193)	(4.0, 0.521779938913283)	(5.0, 0.36571636327716717)	(6.0, 0.2517094485102013)	(7.0, 0.21186935620511738)	(8.0, 0.175584654967499)	(9.0, 0.1447834062234223)	('>10', 2.0067221664865547)	('>50', 0.9878805999831375)	('>100', 4.61661159965832)	('>500', 4.126781829859496)	('>1k', 17.754462777963482)	('>5k', 11.920425813589981)	('>10k+', 35.72965230115715)
SRR26261006_2	(1.0, 19.631768653523462)	(2.0, 2.7929531635844174)	(3.0, 0.8705853317994087)	(4.0, 0.4374388002813215)	(5.0, 0.2870946132753207)	(6.0, 0.21328368372692452)	(7.0, 0.1553548116385441)	(8.0, 0.12869466160741103)	(9.0, 0.09841931959389395)	('>10', 1.0538097176881671)	('>50', 0.5935387257872389)	('>100', 5.043302048752494)	('>500', 6.600387758563231)	('>1k', 34.06004581174777)	('>5k', 15.637668085787116)	('>10k+', 12.395654812643281)
SRR26261235_1	(1.0, 55.936710600524556)	(2.0, 23.565548032303195)	(3.0, 8.220430929091641)	(4.0, 2.7695227544646883)	(5.0, 1.0806422302983798)	(6.0, 0.5674929492282034)	(7.0, 0.41072376870609945)	(8.0, 0.38061989815264075)	(9.0, 0.30063701425921957)	('>10', 2.921632564917538)	('>50', 0.7430641311349547)	('>100', 1.8741816282239931)	('>500', 0.5292130579493689)	('>1k', 0.500510934305839)	('>5k', 0.03924512164226239)	('>10k+', 0.15982438479744052)
SRR26261235_2	(1.0, 56.92025392992489)	(2.0, 23.163061137503487)	(3.0, 8.05742582680983)	(4.0, 2.6261006290406024)	(5.0, 1.0779931264858984)	(6.0, 0.5647278398626427)	(7.0, 0.4175568711165751)	(8.0, 0.3316267597738832)	(9.0, 0.3072519286595768)	('>10', 3.0064182313983046)	('>50', 0.6771729889879005)	('>100', 1.8243559158381957)	('>500', 0.5016340520906946)	('>1k', 0.44499003626033856)	('>5k', 0.019061091131868463)	('>10k+', 0.0603696351155531)
SRR26261236_1	(1.0, 56.572959447850494)	(2.0, 25.294729293041623)	(3.0, 9.290381138821768)	(4.0, 3.082525879438638)	(5.0, 1.097808046747989)	(6.0, 0.5445129499436022)	(7.0, 0.35536908636447745)	(8.0, 0.2743906046311895)	(9.0, 0.2587825979718154)	('>10', 2.307336188940294)	('>50', 0.3733369748286313)	('>100', 0.34470315238463)	('>500', 0.014460722687533777)	('>1k', 0.03632021893691139)	('>5k', 0.02376381214103431)	('>10k+', 0.1286198852693953)
SRR26261236_2	(1.0, 56.842106565412244)	(2.0, 25.146357144675502)	(3.0, 9.22175676093009)	(4.0, 3.096970407524485)	(5.0, 1.1271301404344123)	(6.0, 0.5360652210204461)	(7.0, 0.3315750284309104)	(8.0, 0.27772404698766195)	(9.0, 0.2479368780777042)	('>10', 2.318804426805014)	('>50', 0.41869221220746944)	('>100', 0.35772296251693886)	('>500', 0.005499518888932561)	('>1k', 0.0)	('>5k', 0.0)	('>10k+', 0.07165868608827682)
