Sample	0	1	2	3	4	5	6	7	8	9	10	11	12	13	14	15	16	17	18	19	20	21	22	23	24	25	26	27	28	29	30	31	32	33	34	35	36	37	38	39	40	41	42	43	44	45	46	47	48	49	50	51	52	53	54
SRR26260919_1	(1, 24.505471172334904)	(2, 31.05970867738236)	(3, 31.151913440375907)	(4, 31.24636385612384)	(5, 31.26506043744099)	(6, 34.74815374243107)	(7, 34.76618949907786)	(8, 34.83340796835716)	(9, 34.84272559056655)	(10, 34.81538068714931)	(15, 34.77947990147273)	(20, 34.73564453625355)	(25, 34.63134216193438)	(30, 34.52469937019927)	(35, 34.65766554454562)	(40, 34.61269168597063)	(45, 34.46269867064488)	(50, 34.354120009976846)	(55, 34.25508212484636)	(60, 34.12405634965002)	(65, 34.06027410233353)	(70, 33.99851043050033)	(75, 33.93774225336589)	(80, 33.76033492970382)	(85, 33.64062866716462)	(90, 33.50161458677495)	(95, 33.30144948631236)	(100, 33.06088186190176)	(105, 32.7432351005569)	(110, 32.42032215695439)	(115, 32.1238797127578)	(120, 31.78887921126444)	(125, 31.551148744749458)	(130, 31.338612980410566)	(135, 31.21801536122763)	(140, 31.060767859418927)	(145, 29.071123086027683)																		
SRR26260919_2	(1, 20.604572019675658)	(2, 30.866421947301504)	(3, 30.780598140278784)	(4, 30.857609578622842)	(5, 30.913748358236376)	(6, 34.49489667977218)	(7, 34.44054919715812)	(8, 34.55861815585734)	(9, 34.51310053450565)	(10, 34.52422149538343)	(15, 34.48831320482416)	(20, 34.41517948858005)	(25, 34.3204870093302)	(30, 34.20922575793109)	(35, 34.31531400886416)	(40, 34.231092358940266)	(45, 34.10156924056565)	(50, 33.936135061321096)	(55, 33.83520375250528)	(60, 33.73305770776102)	(65, 33.63643854880793)	(70, 33.50766130918824)	(75, 33.40648962724674)	(80, 33.28283741850173)	(85, 33.088697296989324)	(90, 32.9266391353136)	(95, 32.68210466121818)	(100, 32.38605341922978)	(105, 32.064416653568976)	(110, 31.7316780981369)	(115, 31.377731005635034)	(120, 31.048075250067917)	(125, 30.798466525666093)	(130, 30.62354122114443)	(135, 30.401207541678293)	(140, 30.247206757936976)	(145, 28.529706344117706)																		
SRR26260920_1	(1, 22.817198441131513)	(2, 29.00392170535019)	(3, 29.083833084294245)	(4, 29.18077895999445)	(5, 29.198746927803786)	(6, 32.43403862518214)	(7, 32.448841572048835)	(8, 32.51558692403328)	(9, 32.50995487245008)	(10, 32.486102996651034)	(15, 32.447776379684186)	(20, 32.40347267196581)	(25, 32.30170257513344)	(30, 32.19680795629121)	(35, 34.14565424204373)	(40, 34.55299176607231)	(45, 34.3883147173743)	(50, 34.27535063067225)	(55, 34.16297658051938)	(60, 34.02464557534153)	(65, 33.95874691222449)	(70, 33.8987509337324)	(75, 33.83270850906039)	(80, 33.64873879712407)	(85, 33.51884717760123)	(90, 33.370950214312145)	(95, 33.16441131814922)	(100, 32.906156049000415)	(105, 32.58932109228876)	(110, 32.25084347532846)	(115, 31.94319398408212)	(120, 31.605192301749845)	(125, 31.3693596097833)	(130, 31.16553984517675)	(135, 31.04241552654033)	(140, 30.88979558704445)	(145, 28.93621804700701)																		
SRR26260920_2	(1, 19.488872243240582)	(2, 28.875465018724007)	(3, 28.78450535483932)	(4, 28.881794238891818)	(5, 28.913556495365572)	(6, 32.2404348270631)	(7, 32.189930251446725)	(8, 32.305659003916425)	(9, 32.264595727327375)	(10, 32.27575171595153)	(15, 32.239941491367915)	(20, 32.17421501036009)	(25, 32.07746722726581)	(30, 31.96498128890612)	(35, 33.83058728145277)	(40, 34.17938158361651)	(45, 34.04152332962714)	(50, 33.8699090407271)	(55, 33.76397854856698)	(60, 33.65442084165358)	(65, 33.54880461768569)	(70, 33.41073718311049)	(75, 33.31281209302959)	(80, 33.18359113228676)	(85, 32.975344837721266)	(90, 32.79781493662997)	(95, 32.545814051788895)	(100, 32.24379382504698)	(105, 31.908735953658685)	(110, 31.557245072005507)	(115, 31.20072017871605)	(120, 30.85897243044102)	(125, 30.60850612203189)	(130, 30.42475592717306)	(135, 30.188148593729615)	(140, 30.032825064307236)	(145, 28.315349567491882)																		
SRR26260921_1	(1, 24.417323264009916)	(2, 30.41188861779172)	(3, 30.503461399635956)	(4, 30.616001239301344)	(5, 30.643880810193252)	(6, 34.03684715541613)	(7, 34.04310141357809)	(8, 34.100960489524034)	(9, 34.09844024631114)	(10, 34.08095405135355)	(15, 34.047602407342865)	(20, 34.004654196196896)	(25, 33.8989004732582)	(30, 33.78808549320321)	(35, 34.45795570581568)	(40, 34.54774128068529)	(45, 34.389536971083324)	(50, 34.26780187919849)	(55, 34.15621058739728)	(60, 34.01901549410708)	(65, 33.94353600310926)	(70, 33.88950826410342)	(75, 33.8288144078921)	(80, 33.637146216016085)	(85, 33.50378155390088)	(90, 33.35569102957112)	(95, 33.156730070275714)	(100, 32.90547779414959)	(105, 32.59669524867094)	(110, 32.26748391807105)	(115, 31.962577250465785)	(120, 31.618195414210287)	(125, 31.37263251696654)	(130, 31.161008430575272)	(135, 31.025859600141633)	(140, 30.867075197528656)	(145, 28.941498607468795)																		
SRR26260921_2	(1, 20.272650323380194)	(2, 30.347337314588902)	(3, 30.248848611595214)	(4, 30.33027535726734)	(5, 30.360230819875294)	(6, 33.86995131094845)	(7, 33.81151794275977)	(8, 33.93313659424499)	(9, 33.89167898996941)	(10, 33.895482777584135)	(15, 33.85577208008984)	(20, 33.78468503621084)	(25, 33.68329871035204)	(30, 33.56489186940862)	(35, 34.17725981972275)	(40, 34.212106782509274)	(45, 34.07383263649078)	(50, 33.90292015836244)	(55, 33.79450906053812)	(60, 33.68303607087261)	(65, 33.582978795503735)	(70, 33.445148970491786)	(75, 33.355028879745994)	(80, 33.22639779350662)	(85, 33.016538589282234)	(90, 32.83877782074787)	(95, 32.58533359524655)	(100, 32.288046851233524)	(105, 31.956108137975367)	(110, 31.601156040695763)	(115, 31.24790872030643)	(120, 30.901608682059827)	(125, 30.64548661404539)	(130, 30.45904729135889)	(135, 30.22321215558883)	(140, 30.067284334747626)	(145, 28.358666729665153)																		
SRR26260922_1	(1, 25.140325599739263)	(2, 31.077294505183815)	(3, 31.224460585617646)	(4, 31.344201117458287)	(5, 31.364116120241377)	(6, 34.83973031489686)	(7, 34.86236699320965)	(8, 34.91255401751925)	(9, 34.93377319611918)	(10, 34.92309475963799)	(15, 34.908761244037464)	(20, 34.86710751523338)	(25, 34.76456189362206)	(30, 34.66235688179759)	(35, 34.68138310398833)	(40, 34.61408521808838)	(45, 34.459557816044466)	(50, 34.35686685999384)	(55, 34.251779857589085)	(60, 34.11447580475742)	(65, 34.05923492861251)	(70, 33.99855170964152)	(75, 33.93130062816617)	(80, 33.74314722685162)	(85, 33.62980298105751)	(90, 33.493063875481994)	(95, 33.301685823444075)	(100, 33.06092365180119)	(105, 32.74891462912804)	(110, 32.41696586042663)	(115, 32.1145511211998)	(120, 31.79549177710574)	(125, 31.539566683508973)	(130, 31.33352053053028)	(135, 31.20975364438591)	(140, 31.073604327850347)	(145, 29.14998111583781)																		
SRR26260922_2	(1, 20.58497384040265)	(2, 30.963993065338375)	(3, 30.89304144648167)	(4, 30.96251678690739)	(5, 31.017086322989915)	(6, 34.610800092475245)	(7, 34.54792171214675)	(8, 34.681953816861714)	(9, 34.628900379030696)	(10, 34.6428970398105)	(15, 34.604515309954046)	(20, 34.51686691516526)	(25, 34.4175891325881)	(30, 34.29038333541124)	(35, 34.272047261753066)	(40, 34.14417459165038)	(45, 34.000147194715325)	(50, 33.818727953585025)	(55, 33.704582365619025)	(60, 33.59253714407625)	(65, 33.4793253253588)	(70, 33.344076831969105)	(75, 33.24546078276344)	(80, 33.105021673678365)	(85, 32.88614416925668)	(90, 32.697116884740836)	(95, 32.43198159963163)	(100, 32.13264116417656)	(105, 31.797214582493115)	(110, 31.446959274989474)	(115, 31.073175880779736)	(120, 30.709888552995515)	(125, 30.4427876506858)	(130, 30.23858126545203)	(135, 29.994645011766362)	(140, 29.822331358975323)	(145, 28.12727309334378)																		
SRR26260923_1	(1, 23.09202432587784)	(2, 29.95188641047432)	(3, 30.007411822197714)	(4, 30.197878662350433)	(5, 30.22382437941907)	(6, 33.52313647139249)	(7, 33.54626050880192)	(8, 33.55357619711719)	(9, 33.605408465522984)	(10, 33.59747798767751)	(15, 33.58728676136299)	(20, 33.55484983754042)	(25, 33.43453347695557)	(30, 33.31451294502811)	(35, 34.21759150503204)	(40, 34.355500258921396)	(45, 34.178203055039454)	(50, 34.069447153376004)	(55, 33.95038598393956)	(60, 33.78962223098009)	(65, 33.73427387290839)	(70, 33.66486312098954)	(75, 33.600322106121396)	(80, 33.394251218270966)	(85, 33.24642085093687)	(90, 33.09760214147806)	(95, 32.88744880632077)	(100, 32.62576915275786)	(105, 32.28976092187467)	(110, 31.92032246619928)	(115, 31.57926037886059)	(120, 31.22228078831024)	(125, 30.948166697383975)	(130, 30.722566700364165)	(135, 30.58978997042714)	(140, 30.43490068387545)	(145, 28.58978304557101)																		
SRR26260923_2	(1, 20.239729029294796)	(2, 30.162370961959688)	(3, 30.08210033840462)	(4, 30.174059323284226)	(5, 30.206944621542934)	(6, 33.72518752783043)	(7, 33.6763193040174)	(8, 33.798610030903035)	(9, 33.75353525676759)	(10, 33.76315535435683)	(15, 33.72663032049301)	(20, 33.649114450057446)	(25, 33.55263545364177)	(30, 33.43374719859858)	(35, 34.305871644320014)	(40, 34.40711769852767)	(45, 34.262164955490036)	(50, 34.086927082652934)	(55, 33.97710858754557)	(60, 33.86941725592041)	(65, 33.756233732877526)	(70, 33.61761449370036)	(75, 33.53680587386165)	(80, 33.409529395114696)	(85, 33.189845753934)	(90, 33.00359966785919)	(95, 32.74237427530039)	(100, 32.4399435213161)	(105, 32.08956306872041)	(110, 31.713661456482253)	(115, 31.330506280652468)	(120, 30.94744694147884)	(125, 30.673488427506715)	(130, 30.449359792790215)	(135, 30.186316456465455)	(140, 29.986731177048455)	(145, 28.210249813609668)																		
SRR26260924_1	(1, 24.950120147238508)	(2, 31.280682393591626)	(3, 31.347710862911327)	(4, 31.432028636422157)	(5, 31.45482456941258)	(6, 34.95440325301964)	(7, 34.96345980405027)	(8, 35.01418401230333)	(9, 35.00927694251435)	(10, 34.98169966279759)	(15, 34.9401062656759)	(20, 34.89835558552298)	(25, 34.78887351469749)	(30, 34.676177736371585)	(35, 34.6419449688501)	(40, 34.551113387738134)	(45, 34.385280253601735)	(50, 34.27525371806159)	(55, 34.16569605238173)	(60, 34.02409113136544)	(65, 33.97005749336161)	(70, 33.910655194560796)	(75, 33.847159892050065)	(80, 33.65699461134741)	(85, 33.52475990271693)	(90, 33.38176310047554)	(95, 33.18414031881247)	(100, 32.936933667322116)	(105, 32.62517220567664)	(110, 32.29410309466452)	(115, 31.988554890641204)	(120, 31.665053842043896)	(125, 31.41722249898648)	(130, 31.21873512603139)	(135, 31.095097345034333)	(140, 30.962942699890704)	(145, 29.062745327151593)																		
SRR26260924_2	(1, 20.612091349800792)	(2, 31.050901876635205)	(3, 30.935840524768317)	(4, 31.00317488919844)	(5, 31.044424043780612)	(6, 34.62834387227263)	(7, 34.56032777576987)	(8, 34.70245346598627)	(9, 34.64457256398215)	(10, 34.65073949439507)	(15, 34.60073477992377)	(20, 34.50602009846297)	(25, 34.39265280945163)	(30, 34.2563055106025)	(35, 34.177669405659536)	(40, 34.02697098107298)	(45, 33.873032340085324)	(50, 33.686782175009796)	(55, 33.568976648138985)	(60, 33.449842821966925)	(65, 33.33565465010403)	(70, 33.19159921335911)	(75, 33.10353461599861)	(80, 32.970578768512404)	(85, 32.73373563781016)	(90, 32.53744434193692)	(95, 32.268339166320175)	(100, 31.96771805569843)	(105, 31.625254539719986)	(110, 31.26188281342767)	(115, 30.885373671351648)	(120, 30.514508178065775)	(125, 30.24252561523364)	(130, 30.027026476630233)	(135, 29.76656094654634)	(140, 29.580545199700772)	(145, 27.888912102867806)																		
SRR26260925_1	(1, 25.014050795604195)	(2, 31.171659431334067)	(3, 31.298403260070128)	(4, 31.41132914111574)	(5, 31.44608546091522)	(6, 34.92992504950821)	(7, 34.96494143887428)	(8, 35.02028305909335)	(9, 35.02482290819818)	(10, 35.00493103110824)	(15, 34.98176922927901)	(20, 34.93632771929829)	(25, 34.82804588960205)	(30, 34.71708432800858)	(35, 34.644023788060785)	(40, 34.55093397548485)	(45, 34.38441063112764)	(50, 34.27545143564178)	(55, 34.16533877023413)	(60, 34.01900323249702)	(65, 33.96254932121578)	(70, 33.90114489831898)	(75, 33.83730638071496)	(80, 33.6376779435751)	(85, 33.50700917035963)	(90, 33.360315076545874)	(95, 33.16190199724765)	(100, 32.91349738572838)	(105, 32.59977047559528)	(110, 32.26599939311147)	(115, 31.958706784089497)	(120, 31.637648935240254)	(125, 31.386360033622005)	(130, 31.19264597018701)	(135, 31.077755741739036)	(140, 30.95911071786663)	(145, 29.08551212092201)																		
SRR26260925_2	(1, 20.606748154300302)	(2, 31.068527863604196)	(3, 30.981398765631972)	(4, 31.05457885331061)	(5, 31.110765715194113)	(6, 34.717726908516624)	(7, 34.65630919113257)	(8, 34.79493330913077)	(9, 34.73412312671268)	(10, 34.7470347366355)	(15, 34.70285374491143)	(20, 34.609368459522926)	(25, 34.50379982504637)	(30, 34.37328794647014)	(35, 34.2641814932172)	(40, 34.11176716613294)	(45, 33.959581259209116)	(50, 33.77726069434068)	(55, 33.656790651502874)	(60, 33.54588210460982)	(65, 33.4255337182098)	(70, 33.288346711065586)	(75, 33.19685181631874)	(80, 33.06311443214041)	(85, 32.82614041714534)	(90, 32.63311115659505)	(95, 32.36332240855516)	(100, 32.067447983282506)	(105, 31.725962973550253)	(110, 31.374090441999925)	(115, 31.00011854116122)	(120, 30.6398790794182)	(125, 30.380588263548553)	(130, 30.181755059526285)	(135, 29.943877674583895)	(140, 29.78237376314509)	(145, 28.088018889687046)																		
SRR26260926_1	(1, 24.75545300828802)	(2, 30.980964099245895)	(3, 31.083133188661904)	(4, 31.185857101980794)	(5, 31.21013741834021)	(6, 34.68010608018316)	(7, 34.69877734403187)	(8, 34.74645798065936)	(9, 34.74418348324131)	(10, 34.71391182508701)	(15, 34.673546507461)	(20, 34.641159772266015)	(25, 34.53395488737581)	(30, 34.42295144723583)	(35, 34.5824832298767)	(40, 34.5426801735093)	(45, 34.371626535645355)	(50, 34.26341490544472)	(55, 34.154672202164946)	(60, 34.00966221305053)	(65, 33.95884195268589)	(70, 33.89835257485495)	(75, 33.83740456847745)	(80, 33.64335977967221)	(85, 33.51110377727919)	(90, 33.368785283354995)	(95, 33.17005704989889)	(100, 32.92475914766651)	(105, 32.6114693187062)	(110, 32.27617008364392)	(115, 31.972754953477192)	(120, 31.64973965536792)	(125, 31.39712533819479)	(130, 31.199670732563533)	(135, 31.084294036490668)	(140, 30.958128174446365)	(145, 29.061328245743102)																		
SRR26260926_2	(1, 20.473273450657604)	(2, 30.823560936176282)	(3, 30.745065187233852)	(4, 30.815855495943705)	(5, 30.857336085250132)	(6, 34.43138296506409)	(7, 34.364022182952695)	(8, 34.49784417121685)	(9, 34.442120966859946)	(10, 34.4572692209183)	(15, 34.41023228005237)	(20, 34.31908641193199)	(25, 34.21015376539451)	(30, 34.07663094042346)	(35, 34.19181350531069)	(40, 34.090313644722315)	(45, 33.93943793896669)	(50, 33.75231221205084)	(55, 33.6358736795254)	(60, 33.51995484287062)	(65, 33.40476579157395)	(70, 33.26512750158811)	(75, 33.17700580334373)	(80, 33.048348254898876)	(85, 32.81243374213243)	(90, 32.61512110913578)	(95, 32.347495945763086)	(100, 32.05116674733535)	(105, 31.706683620983245)	(110, 31.34954808239261)	(115, 30.97209792632117)	(120, 30.602497585721835)	(125, 30.335530696966437)	(130, 30.126088959607205)	(135, 29.874525508034033)	(140, 29.695235316962147)	(145, 27.9914813363039)																		
SRR26260927_1	(1, 25.022391143493387)	(2, 31.252924407757767)	(3, 31.35162688585102)	(4, 31.444454949962033)	(5, 31.463245601749293)	(6, 34.952850199150085)	(7, 34.980332233966514)	(8, 35.047414468037815)	(9, 35.03491343436873)	(10, 34.997820268105464)	(15, 34.970921387318334)	(20, 34.92931653171733)	(25, 34.82103147270105)	(30, 34.710612872801256)	(35, 34.65190133663483)	(40, 34.56122635748146)	(45, 34.39833991969688)	(50, 34.294164963238785)	(55, 34.18784716366674)	(60, 34.04785634860152)	(65, 33.99264288057684)	(70, 33.933519554349985)	(75, 33.87205359163464)	(80, 33.684345494670346)	(85, 33.55707245609833)	(90, 33.41535091349639)	(95, 33.219889534291404)	(100, 32.975779979897915)	(105, 32.66171272523466)	(110, 32.32643276129062)	(115, 32.02348342688497)	(120, 31.694739858698068)	(125, 31.441887500528235)	(130, 31.234877670546314)	(135, 31.116254093639657)	(140, 30.98852059326598)	(145, 29.085909622433192)																		
SRR26260927_2	(1, 20.829126731811122)	(2, 31.14992354291881)	(3, 31.054071326849066)	(4, 31.13176024817399)	(5, 31.178812625151803)	(6, 34.804935132886584)	(7, 34.74704864648781)	(8, 34.8777829799717)	(9, 34.82725334320466)	(10, 34.833756599239805)	(15, 34.78750956499433)	(20, 34.7007937919856)	(25, 34.59557551909948)	(30, 34.469339090702945)	(35, 34.37948617756789)	(40, 34.23279731595473)	(45, 34.08707713845973)	(50, 33.908362463713864)	(55, 33.79294372056623)	(60, 33.682424313359604)	(65, 33.568858945049)	(70, 33.43540770198396)	(75, 33.342661855602294)	(80, 33.21726822439887)	(85, 32.98993120978984)	(90, 32.799624787414146)	(95, 32.53595563264146)	(100, 32.23813401083414)	(105, 31.898718037003427)	(110, 31.539773735351083)	(115, 31.16178062196397)	(120, 30.796465506028692)	(125, 30.526609064393973)	(130, 30.32092790175816)	(135, 30.073357157211216)	(140, 29.89966872675523)	(145, 28.16997461605534)																		
SRR26260934_1	(1, 32.195804894338)	(2, 32.73292501229075)	(3, 32.72611236911078)	(4, 33.052380420323324)	(5, 32.95702264228987)	(6, 32.95258656758151)	(7, 32.919743709192055)	(8, 32.980708624481686)	(9, 33.049128871946664)	(10, 33.04117959386408)	(15, 33.08732274108342)	(20, 33.07685550994169)	(25, 33.023357602548074)	(30, 33.053765146811486)	(35, 33.09972056811419)	(40, 33.09720249353421)	(45, 33.08000635492001)	(50, 32.95381405872403)	(55, 33.03354926020342)	(60, 33.01224908655356)	(65, 32.97963309166472)	(70, 32.947753465737605)	(75, 32.87115132247119)	(80, 32.892331410031105)	(85, 32.860129650396644)	(90, 32.828713767446985)	(95, 32.764813929691)	(100, 32.72836677150707)	(105, 32.67142409873599)	(110, 32.61182781105395)	(115, 32.54670831297924)	(120, 32.4591878850533)	(125, 32.37306552965786)	(130, 32.30880790141863)	(135, 32.227508014533925)	(140, 32.14895918049636)	(145, 32.03993491354407)	(150, 30.532902606456332)																	
SRR26260934_2	(1, 32.447077676795516)	(2, 32.76570835596633)	(3, 32.37142608571858)	(4, 32.642110627715496)	(5, 32.6141496363332)	(6, 32.61413346860623)	(7, 32.8355040837275)	(8, 32.83552724290397)	(9, 32.8977120787384)	(10, 32.87605026100611)	(15, 32.901669501335306)	(20, 32.868012663437696)	(25, 32.94999135900538)	(30, 32.916028872414216)	(35, 32.95420385003258)	(40, 32.94144802683238)	(45, 32.917200951944224)	(50, 32.87734259502898)	(55, 32.84626021899974)	(60, 32.80994519464917)	(65, 32.76625694125612)	(70, 32.71483370522146)	(75, 32.66130558372953)	(80, 32.62899445292324)	(85, 32.56057375298083)	(90, 32.50226086633263)	(95, 32.44976078450317)	(100, 32.38565496833037)	(105, 32.3055192887813)	(110, 32.210200222866895)	(115, 32.10815774754589)	(120, 31.99364247452335)	(125, 31.81373822606626)	(130, 31.777265995394078)	(135, 31.590675122053845)	(140, 31.477434524143668)	(145, 31.33523206303525)	(150, 29.071869250452124)																	
SRR26260935_1	(1, 32.361052404879814)	(2, 32.745774194815525)	(3, 32.62565957473201)	(4, 32.97536247085942)	(5, 32.81668014854472)	(6, 32.82390173339491)	(7, 32.91351406110405)	(8, 33.023520100740974)	(9, 33.09582917879935)	(10, 33.03703932262759)	(15, 33.077171845906605)	(20, 33.0734951374545)	(25, 33.022990447637234)	(30, 33.0682636720657)	(35, 33.10445290371973)	(40, 33.10661830674276)	(45, 33.10195650301911)	(50, 32.97425600576663)	(55, 33.0614504331733)	(60, 33.04381127291771)	(65, 33.02032816998773)	(70, 32.9860840471514)	(75, 32.91381830069105)	(80, 32.94068141990316)	(85, 32.91041632416504)	(90, 32.8862307366288)	(95, 32.835999612104935)	(100, 32.805279321962345)	(105, 32.757383052783865)	(110, 32.7075276908087)	(115, 32.65423187126981)	(120, 32.590909454321576)	(125, 32.5221525073769)	(130, 32.45771190185606)	(135, 32.38823261920333)	(140, 32.31567926948506)	(145, 32.21674966053282)	(150, 30.654756041333627)																	
SRR26260935_2	(1, 32.49946443715659)	(2, 32.776026288706504)	(3, 32.51492696868544)	(4, 32.66977205607488)	(5, 32.6122142343433)	(6, 32.57258309103726)	(7, 32.86752294568575)	(8, 32.86874234147474)	(9, 32.92673440229537)	(10, 32.8667220920931)	(15, 32.885602551790484)	(20, 32.85550020251098)	(25, 32.953670332564656)	(30, 32.92771480275103)	(35, 32.961787918132615)	(40, 32.95053894199307)	(45, 32.93457655116255)	(50, 32.905281291448155)	(55, 32.87854439003668)	(60, 32.85352394323652)	(65, 32.81191920504127)	(70, 32.77208762743074)	(75, 32.73224303547314)	(80, 32.70625167408879)	(85, 32.65152870209995)	(90, 32.6026189644024)	(95, 32.55162254463035)	(100, 32.49467620335875)	(105, 32.420943712803656)	(110, 32.34288487477882)	(115, 32.250212004722286)	(120, 32.15720522962927)	(125, 31.978947498584716)	(130, 31.948132579028005)	(135, 31.787152726023088)	(140, 31.67998209075258)	(145, 31.53662160835349)	(150, 29.1820487114466)																	
SRR26260936_1	(1, 32.321815138441984)	(2, 32.7399757915659)	(3, 32.681831951289894)	(4, 32.99977191560054)	(5, 32.83378985199624)	(6, 32.85565616208154)	(7, 32.922032759217316)	(8, 33.03591671278143)	(9, 33.09540031678299)	(10, 33.05278250856669)	(15, 33.090134061954664)	(20, 33.08467607090268)	(25, 33.02966724867885)	(30, 33.06712490773683)	(35, 33.09679652419136)	(40, 33.09297770395595)	(45, 33.08112891364353)	(50, 32.948000505941636)	(55, 33.03058669760105)	(60, 33.00717455264557)	(65, 32.983910774867546)	(70, 32.95423049558491)	(75, 32.88027055828983)	(80, 32.90481960997262)	(85, 32.868461620111326)	(90, 32.83980449919191)	(95, 32.78227406644786)	(100, 32.746710619975374)	(105, 32.69568797520616)	(110, 32.635236857991806)	(115, 32.57394670220787)	(120, 32.49756079907085)	(125, 32.42043040896939)	(130, 32.35608994108304)	(135, 32.28189969453301)	(140, 32.20893088580101)	(145, 32.10095613696972)	(150, 30.553136053620054)																	
SRR26260936_2	(1, 32.380413371284426)	(2, 32.69419412574079)	(3, 32.49688206607488)	(4, 32.646620564283225)	(5, 32.58161812519307)	(6, 32.55025333112219)	(7, 32.83825384719847)	(8, 32.84293050587263)	(9, 32.893493062924)	(10, 32.84165315249779)	(15, 32.86004957626359)	(20, 32.82172088508696)	(25, 32.914572502015616)	(30, 32.878058280771654)	(35, 32.90106097431237)	(40, 32.88448431563154)	(45, 32.861504475058574)	(50, 32.82894887840144)	(55, 32.79909364758672)	(60, 32.76392329580092)	(65, 32.715418808818015)	(70, 32.668118704647156)	(75, 32.617615762676095)	(80, 32.5911264147612)	(85, 32.53448956601933)	(90, 32.478712579801325)	(95, 32.42528126277769)	(100, 32.36350996169034)	(105, 32.28201454607855)	(110, 32.1952156068633)	(115, 32.0952454143247)	(120, 31.996568401206986)	(125, 31.81441498439046)	(130, 31.776622904735564)	(135, 31.608724020908006)	(140, 31.489003861007824)	(145, 31.333493941079745)	(150, 29.032391061616078)																	
SRR26260937_1	(1, 32.38590397022599)	(2, 32.78734360397553)	(3, 32.694682927610174)	(4, 33.02261042665549)	(5, 32.862166573646185)	(6, 32.86146180945893)	(7, 32.93328931762756)	(8, 33.043100654686995)	(9, 33.110266181561364)	(10, 33.06133329043667)	(15, 33.09466245844191)	(20, 33.09035821355295)	(25, 33.034249052737565)	(30, 33.07770626261741)	(35, 33.09173954093818)	(40, 33.08939563915503)	(45, 33.07437088044206)	(50, 32.942786367901775)	(55, 33.02517849356375)	(60, 33.00572617797079)	(65, 32.976289176620185)	(70, 32.94747729669367)	(75, 32.8717605678723)	(80, 32.89442457293998)	(85, 32.85854887124775)	(90, 32.82889643005158)	(95, 32.770860657651134)	(100, 32.72972571283956)	(105, 32.67897757888226)	(110, 32.61557663735856)	(115, 32.55450135173956)	(120, 32.47432583802586)	(125, 32.39755455789988)	(130, 32.32665856392076)	(135, 32.25272250067396)	(140, 32.17985036524833)	(145, 32.07112757649058)	(150, 30.526880100599126)																	
SRR26260937_2	(1, 32.55812622094237)	(2, 32.83219323019173)	(3, 32.594193066376214)	(4, 32.74326868215702)	(5, 32.6807492057512)	(6, 32.64116545569078)	(7, 32.92062967326887)	(8, 32.92003759053178)	(9, 32.97320450657415)	(10, 32.91070725561297)	(15, 32.922923447952904)	(20, 32.88311935514504)	(25, 32.973174463368196)	(30, 32.93661554969819)	(35, 32.949754742836376)	(40, 32.927902458397476)	(45, 32.907879644170464)	(50, 32.87435265188914)	(55, 32.84383029275958)	(60, 32.81589977276957)	(65, 32.76710467234223)	(70, 32.71998303073226)	(75, 32.67091416146517)	(80, 32.6419804794452)	(85, 32.584489273773784)	(90, 32.53126412443985)	(95, 32.47445592680235)	(100, 32.41031137537995)	(105, 32.32879846607597)	(110, 32.2415796764415)	(115, 32.14280358868858)	(120, 32.04129958584199)	(125, 31.860099885475012)	(130, 31.82390214456163)	(135, 31.65418542112409)	(140, 31.542505931531206)	(145, 31.392306398375514)	(150, 29.19043156773963)																	
SRR26260938_1	(1, 32.40139069742378)	(2, 32.799405147293605)	(3, 32.67893734019768)	(4, 33.02607644130736)	(5, 32.877192996566485)	(6, 32.87314991237263)	(7, 32.958658782482246)	(8, 33.06265103556328)	(9, 33.133726202071365)	(10, 33.07723604215444)	(15, 33.116443784569384)	(20, 33.11021086064635)	(25, 33.05770621386226)	(30, 33.099945436982686)	(35, 33.11078018287308)	(40, 33.108221190856725)	(45, 33.103757554517394)	(50, 32.97542249951096)	(55, 33.059967004039336)	(60, 33.04233591520005)	(65, 33.018219700815756)	(70, 32.982662009019215)	(75, 32.9081413483247)	(80, 32.9340290985348)	(85, 32.900520305877095)	(90, 32.87527956826689)	(95, 32.82293809582278)	(100, 32.78996638137365)	(105, 32.740109966731744)	(110, 32.68784567445532)	(115, 32.63157242300016)	(120, 32.56685078087715)	(125, 32.497697143769)	(130, 32.43201241912524)	(135, 32.36229757618172)	(140, 32.28773036277994)	(145, 32.18691592464582)	(150, 30.645296931442616)																	
SRR26260938_2	(1, 32.45041987946914)	(2, 32.78000318498745)	(3, 32.513476357500366)	(4, 32.64190148576447)	(5, 32.61003681234231)	(6, 32.57142519341158)	(7, 32.88774198062788)	(8, 32.88199967345836)	(9, 32.940613415714054)	(10, 32.87826199417212)	(15, 32.90238476739538)	(20, 32.87308162817202)	(25, 32.97855158674305)	(30, 32.95471674925382)	(35, 32.966886108066625)	(40, 32.94824485828123)	(45, 32.92917506970211)	(50, 32.89947506006923)	(55, 32.871450196230555)	(60, 32.84567560605187)	(65, 32.810481487746)	(70, 32.771171413377886)	(75, 32.73218127567573)	(80, 32.70366044039046)	(85, 32.64731521057284)	(90, 32.60104984494528)	(95, 32.555469959738375)	(100, 32.501099344363226)	(105, 32.42686101557886)	(110, 32.34825875428093)	(115, 32.25178925775714)	(120, 32.15675084366494)	(125, 31.973190530402263)	(130, 31.93831485045688)	(135, 31.771375813512044)	(140, 31.66037162314269)	(145, 31.518138723871544)	(150, 29.126698347859065)																	
SRR26260939_1	(1, 32.32137237243181)	(2, 32.71767815435425)	(3, 32.62321417967844)	(4, 32.958023060675124)	(5, 32.80757110056722)	(6, 32.80456189170771)	(7, 32.88925510527238)	(8, 32.99014175931843)	(9, 33.06274043627387)	(10, 33.011422887907386)	(15, 33.05107682933036)	(20, 33.04858187663649)	(25, 32.996509388413536)	(30, 33.03935110305553)	(35, 33.10800733982687)	(40, 33.12226000631124)	(45, 33.11483085593069)	(50, 32.991004572774024)	(55, 33.077571287377594)	(60, 33.063254578736704)	(65, 33.040519341070016)	(70, 33.00983973670682)	(75, 32.93700928987302)	(80, 32.96826564319036)	(85, 32.93884991355549)	(90, 32.9183978841951)	(95, 32.87025292288498)	(100, 32.84159416083567)	(105, 32.79867257546554)	(110, 32.7522419071739)	(115, 32.701366886783646)	(120, 32.641887849777355)	(125, 32.57813673655878)	(130, 32.51564720882409)	(135, 32.45222773859605)	(140, 32.3789731876341)	(145, 32.28320272250255)	(150, 30.70274199656697)																	
SRR26260939_2	(1, 32.45059348261295)	(2, 32.73814492766942)	(3, 32.46564580069786)	(4, 32.62271112796688)	(5, 32.55486568439775)	(6, 32.528942571694365)	(7, 32.8303881583412)	(8, 32.83018076990505)	(9, 32.886926999977376)	(10, 32.83409999604133)	(15, 32.85926138259429)	(20, 32.83834575955595)	(25, 32.93577555675886)	(30, 32.91034890387215)	(35, 32.97619353842648)	(40, 32.973900425737156)	(45, 32.95711079626345)	(50, 32.92847637441814)	(55, 32.903722833427466)	(60, 32.87870780987787)	(65, 32.84393057067405)	(70, 32.80743534632008)	(75, 32.76867489640577)	(80, 32.740047172630604)	(85, 32.68450874459005)	(90, 32.64051073472806)	(95, 32.59629253141377)	(100, 32.54279449990106)	(105, 32.47189942083205)	(110, 32.396920388302036)	(115, 32.30728681339301)	(120, 32.21927424780388)	(125, 32.043587163300714)	(130, 32.018056660034105)	(135, 31.86148406924367)	(140, 31.761739586769256)	(145, 31.63170150787831)	(150, 29.241021548196432)																	
SRR26260940_1	(1, 31.939346908269314)	(2, 32.38050759405738)	(3, 32.30831751113213)	(4, 32.62776126205839)	(5, 32.464294388414835)	(6, 32.48543585187623)	(7, 32.564591431683844)	(8, 32.666262539751905)	(9, 32.725569129870145)	(10, 32.68261178370169)	(15, 32.71572791379833)	(20, 32.70728632837982)	(25, 32.642434344689235)	(30, 32.67268502188477)	(35, 32.984062929111545)	(40, 33.051692524018335)	(45, 33.01748836475994)	(50, 32.892388958654955)	(55, 32.96238593485127)	(60, 32.944979885186726)	(65, 32.910733648136)	(70, 32.88592269788451)	(75, 32.8025231108736)	(80, 32.827035034563536)	(85, 32.788803486774384)	(90, 32.75177754916725)	(95, 32.689606470756985)	(100, 32.64029520632455)	(105, 32.583956192049655)	(110, 32.51296350372597)	(115, 32.4417736362711)	(120, 32.34629094521083)	(125, 32.26317866193311)	(130, 32.186199632049906)	(135, 32.109340369479916)	(140, 32.03021766353372)	(145, 31.91730620021997)	(150, 30.397805757590497)																	
SRR26260940_2	(1, 32.105667969859454)	(2, 32.37427861348383)	(3, 32.184836532327424)	(4, 32.37509672081967)	(5, 32.285876283635574)	(6, 32.26779533255384)	(7, 32.526932828514234)	(8, 32.533315603679725)	(9, 32.57671264259455)	(10, 32.52927607886907)	(15, 32.54553829904779)	(20, 32.50748080863199)	(25, 32.58869499895939)	(30, 32.54279256624852)	(35, 32.85356289186289)	(40, 32.90758938865518)	(45, 32.88174330341038)	(50, 32.84637640782317)	(55, 32.814575968690946)	(60, 32.77526356174857)	(65, 32.7243190951594)	(70, 32.673100016501564)	(75, 32.61584048553763)	(80, 32.58319168884195)	(85, 32.52100902518229)	(90, 32.46157731348416)	(95, 32.40615468264416)	(100, 32.34104202797918)	(105, 32.25725856573961)	(110, 32.16035117012915)	(115, 32.052002444569354)	(120, 31.944922029382962)	(125, 31.756365156087234)	(130, 31.71323376942263)	(135, 31.537175354309646)	(140, 31.40077596728595)	(145, 31.234285868596555)	(150, 29.078199303556513)																	
SRR26260941_1	(1, 31.69795277601743)	(2, 32.0959543499012)	(3, 32.009132588548724)	(4, 32.32979879010077)	(5, 32.176824356557276)	(6, 32.180825927343925)	(7, 32.25829201637939)	(8, 32.35974211552824)	(9, 32.4287614460237)	(10, 32.380960961798024)	(15, 32.417703869551474)	(20, 32.41690840147682)	(25, 32.36229605575327)	(30, 32.40655940973984)	(35, 32.975153949554155)	(40, 33.11116526962403)	(45, 33.094116957143775)	(50, 32.972743107778534)	(55, 33.05666419472935)	(60, 33.04015175895597)	(65, 33.01297675574109)	(70, 32.979678021370624)	(75, 32.90994479121031)	(80, 32.938616602725396)	(85, 32.906482484574965)	(90, 32.878288829547444)	(95, 32.82340731970531)	(100, 32.787392911266224)	(105, 32.7366903677454)	(110, 32.682077896162866)	(115, 32.62577040783252)	(120, 32.553764251398846)	(125, 32.484436870904915)	(130, 32.41862324728313)	(135, 32.35317526655303)	(140, 32.284400628545015)	(145, 32.18276499883378)	(150, 30.65098285880375)																	
SRR26260941_2	(1, 31.826312753240842)	(2, 32.10366526904549)	(3, 31.86183690763813)	(4, 32.00074412874766)	(5, 31.939592121982095)	(6, 31.920398264191483)	(7, 32.19738905453929)	(8, 32.20255741993101)	(9, 32.25509597019987)	(10, 32.20500046502353)	(15, 32.22539718976394)	(20, 32.193927985936156)	(25, 32.283226223064275)	(30, 32.253781442946625)	(35, 32.81468968036451)	(40, 32.93798794277643)	(45, 32.91853692143384)	(50, 32.88594123711354)	(55, 32.86092707185627)	(60, 32.83088920587719)	(65, 32.786361894286884)	(70, 32.74317692404481)	(75, 32.697571576000044)	(80, 32.66848656765307)	(85, 32.61507170114193)	(90, 32.56408818110613)	(95, 32.5123439825365)	(100, 32.45308984241009)	(105, 32.37758526587288)	(110, 32.293743763043665)	(115, 32.194182423613746)	(120, 32.09810530903373)	(125, 31.918460034476233)	(130, 31.88569528269709)	(135, 31.72030591226863)	(140, 31.60849094204037)	(145, 31.462932235746536)	(150, 29.135175316817957)																	
SRR26260942_1	(1, 32.37493541898943)	(2, 32.77207013013159)	(3, 32.67846240506684)	(4, 33.009161796496976)	(5, 32.86135668503113)	(6, 32.85730119062286)	(7, 32.93079680847442)	(8, 33.03487571526626)	(9, 33.09965793271266)	(10, 33.054919071272124)	(15, 33.09407604293823)	(20, 33.09064932488834)	(25, 33.034963031015614)	(30, 33.07904049554534)	(35, 33.11210769118306)	(40, 33.11388537869591)	(45, 33.101479617075356)	(50, 32.97867483748869)	(55, 33.06050324680471)	(60, 33.04507550097375)	(65, 33.0193042362129)	(70, 32.991102977873496)	(75, 32.91542023343528)	(80, 32.94396228578429)	(85, 32.91152291500773)	(90, 32.886932902852905)	(95, 32.83390854831567)	(100, 32.79861775889663)	(105, 32.75165837888302)	(110, 32.6966687879506)	(115, 32.64085466372656)	(120, 32.57017538120544)	(125, 32.50310144837482)	(130, 32.438754855287975)	(135, 32.377896720559576)	(140, 32.30964769954779)	(145, 32.21316166661785)	(150, 30.676408755505665)																	
SRR26260942_2	(1, 32.46924664659434)	(2, 32.764196424242996)	(3, 32.510004162591535)	(4, 32.660794109205604)	(5, 32.60297055293123)	(6, 32.57345355512345)	(7, 32.87042273373255)	(8, 32.87091009196195)	(9, 32.92375905299307)	(10, 32.86956701754821)	(15, 32.89508298213783)	(20, 32.87049199975492)	(25, 32.96943625063021)	(30, 32.94558663309293)	(35, 32.98096752871436)	(40, 32.97053786137762)	(45, 32.94888177425845)	(50, 32.917600891561456)	(55, 32.889765691969544)	(60, 32.863161999334345)	(65, 32.827419942389454)	(70, 32.78901802287217)	(75, 32.74687494481189)	(80, 32.71690185482345)	(85, 32.658491427850194)	(90, 32.61333933412101)	(95, 32.569754956735615)	(100, 32.51653449292178)	(105, 32.44510485624336)	(110, 32.365836614121115)	(115, 32.27186197143542)	(120, 32.176853958028495)	(125, 31.999658137016922)	(130, 31.965509198820477)	(135, 31.80373082235608)	(140, 31.697095385047056)	(145, 31.560170578287035)	(150, 29.244413607537368)																	
SRR26260943_1	(1, 32.19644051850078)	(2, 32.61787061523024)	(3, 32.5740127335595)	(4, 32.87997175624642)	(5, 32.71225208598802)	(6, 32.7295884037196)	(7, 32.79026911590391)	(8, 32.89805963894594)	(9, 32.95799434287508)	(10, 32.91931027733201)	(15, 32.95594890907837)	(20, 32.95082136236745)	(25, 32.89568945833281)	(30, 32.93311889639615)	(35, 33.06863170458326)	(40, 33.0892388243869)	(45, 33.07392052990393)	(50, 32.94655497177293)	(55, 33.02660707418166)	(60, 33.00583461715261)	(65, 32.98141190987668)	(70, 32.95335064086746)	(75, 32.87660451322635)	(80, 32.90467500689657)	(85, 32.86743178261243)	(90, 32.83889964883511)	(95, 32.77922505970487)	(100, 32.73911070169706)	(105, 32.68145750273375)	(110, 32.626553070494026)	(115, 32.56235760942392)	(120, 32.488024354735536)	(125, 32.40680456089301)	(130, 32.341252455195104)	(135, 32.27177863874132)	(140, 32.199019840441736)	(145, 32.09083895521896)	(150, 30.56845999639337)																	
SRR26260943_2	(1, 32.34250364424485)	(2, 32.61527038670847)	(3, 32.43012979580998)	(4, 32.579565689677864)	(5, 32.51037671108111)	(6, 32.47848094499492)	(7, 32.75720534444634)	(8, 32.763058676108486)	(9, 32.812370432230466)	(10, 32.75637539069659)	(15, 32.77319238274857)	(20, 32.74014478054253)	(25, 32.83019880861731)	(30, 32.79479979339986)	(35, 32.921664141497864)	(40, 32.93048612410858)	(45, 32.90794667866055)	(50, 32.874261187268885)	(55, 32.84524220660403)	(60, 32.81090405914474)	(65, 32.76142112776523)	(70, 32.71593729912428)	(75, 32.66587526154378)	(80, 32.63491576649302)	(85, 32.57703856943959)	(90, 32.522884875541564)	(95, 32.46914808473043)	(100, 32.40641230745859)	(105, 32.32686093039238)	(110, 32.23657652528313)	(115, 32.13569799758618)	(120, 32.037425260400795)	(125, 31.850288007931773)	(130, 31.81173666998317)	(135, 31.642438911776388)	(140, 31.519575079856214)	(145, 31.365960022264044)	(150, 29.14458773803274)																	
SRR26260944_1	(1, 32.3651055113282)	(2, 32.75973221712131)	(3, 32.68603098339439)	(4, 33.005366355764046)	(5, 32.841002779307786)	(6, 32.84738662524565)	(7, 32.92820615446717)	(8, 33.03685389809752)	(9, 33.10754514644814)	(10, 33.05557052200845)	(15, 33.09667001569011)	(20, 33.09544491226715)	(25, 33.044849896359146)	(30, 33.09285365337214)	(35, 33.12331699978035)	(40, 33.12490389340687)	(45, 33.12034489003165)	(50, 32.99667310537964)	(55, 33.0835340489604)	(60, 33.06766777539659)	(65, 33.04629082291108)	(70, 33.01428753481177)	(75, 32.94216390075133)	(80, 32.97188902805285)	(85, 32.94180830018176)	(90, 32.920967572981496)	(95, 32.87414434781504)	(100, 32.84420333064094)	(105, 32.8006487227551)	(110, 32.75518652680511)	(115, 32.704145503922646)	(120, 32.64501060598974)	(125, 32.579827101110546)	(130, 32.517154812232675)	(135, 32.4531610368146)	(140, 32.38035448780963)	(145, 32.28033696880315)	(150, 30.736341179857458)																	
SRR26260944_2	(1, 32.54997967172962)	(2, 32.82256860129024)	(3, 32.59693809593064)	(4, 32.729333771059075)	(5, 32.6492851951232)	(6, 32.61474829260473)	(7, 32.90265614188056)	(8, 32.90464942321203)	(9, 32.95860904386719)	(10, 32.90084580301966)	(15, 32.920361762890856)	(20, 32.897510196178494)	(25, 32.99892655111368)	(30, 32.97652392557956)	(35, 33.003357625373596)	(40, 32.98964837402934)	(45, 32.97248221511895)	(50, 32.9452960616627)	(55, 32.91963606367379)	(60, 32.895818236376066)	(65, 32.85544352082419)	(70, 32.82050928890874)	(75, 32.78246817243228)	(80, 32.7566082215822)	(85, 32.70459476506814)	(90, 32.659927284096035)	(95, 32.61289725879563)	(100, 32.560209591800955)	(105, 32.49120411760109)	(110, 32.41534959195649)	(115, 32.327068666389025)	(120, 32.237506430568054)	(125, 32.064096075824736)	(130, 32.035064866802806)	(135, 31.876113042770648)	(140, 31.76874801698699)	(145, 31.628781760644017)	(150, 29.223471142253146)																	
SRR26260945_1	(1, 32.15359294887161)	(2, 32.5765948053798)	(3, 32.51407434956395)	(4, 32.833667563928145)	(5, 32.680945918494885)	(6, 32.68328535714157)	(7, 32.74307639396772)	(8, 32.84852894104762)	(9, 32.918443503981145)	(10, 32.873457264977404)	(15, 32.912684476471064)	(20, 32.91081414493512)	(25, 32.85880925743275)	(30, 32.89989606990603)	(35, 33.07141207696415)	(40, 33.10962984435646)	(45, 33.10389547774105)	(50, 32.97708743305414)	(55, 33.066976151361835)	(60, 33.04874923381296)	(65, 33.026654313591244)	(70, 32.99227180145243)	(75, 32.920574955413905)	(80, 32.94895726549401)	(85, 32.91718243925689)	(90, 32.89200811195418)	(95, 32.841288339309806)	(100, 32.808239591295)	(105, 32.7597065452127)	(110, 32.710901351859015)	(115, 32.65696549871981)	(120, 32.594154526248886)	(125, 32.52544600477243)	(130, 32.46015878583664)	(135, 32.39114715625092)	(140, 32.315138213106074)	(145, 32.21435821014977)	(150, 30.64859357344494)																	
SRR26260945_2	(1, 32.35969423457074)	(2, 32.62244786936656)	(3, 32.3682079555214)	(4, 32.54340701260702)	(5, 32.47047093341152)	(6, 32.449830464415264)	(7, 32.720281167180794)	(8, 32.73099099403695)	(9, 32.78630523832394)	(10, 32.73376887789475)	(15, 32.757918704396175)	(20, 32.737164810758934)	(25, 32.83271365294244)	(30, 32.808104363528635)	(35, 32.975369247710546)	(40, 32.99939114215868)	(45, 32.98389020168649)	(50, 32.95553917557727)	(55, 32.93303631496023)	(60, 32.90742114465394)	(65, 32.87207519589405)	(70, 32.836167730650494)	(75, 32.80048820023952)	(80, 32.77534626189139)	(85, 32.72208800479566)	(90, 32.6780907738418)	(95, 32.63342194965044)	(100, 32.58065663670868)	(105, 32.51144894254827)	(110, 32.437509259303326)	(115, 32.347847352578924)	(120, 32.2609746303886)	(125, 32.08536640297048)	(130, 32.06019484938164)	(135, 31.899858248920008)	(140, 31.795732193096086)	(145, 31.661047635170455)	(150, 29.268100139984114)																	
SRR26260946_1	(1, 32.13114689138113)	(2, 32.550943234904295)	(3, 32.47935285325292)	(4, 32.80422918966333)	(5, 32.63749311875397)	(6, 32.65806158210995)	(7, 32.73138896353238)	(8, 32.83870274096576)	(9, 32.904594825984724)	(10, 32.85909545914457)	(15, 32.89831907279719)	(20, 32.893673486083266)	(25, 32.83987211250418)	(30, 32.87351741459444)	(35, 33.07182829695317)	(40, 33.110760767829966)	(45, 33.095935412107)	(50, 32.96430864373201)	(55, 33.05179731577665)	(60, 33.03257901290496)	(65, 33.01195540854756)	(70, 32.98202292665819)	(75, 32.91264031977889)	(80, 32.93976545087048)	(85, 32.908348194650664)	(90, 32.88050811767579)	(95, 32.82659483097444)	(100, 32.79020774863713)	(105, 32.74067904201024)	(110, 32.688443015181335)	(115, 32.62940734886239)	(120, 32.55886889085615)	(125, 32.488328973082446)	(130, 32.42644126176365)	(135, 32.36110119798571)	(140, 32.29272883872386)	(145, 32.19331108890804)	(150, 30.638346332055406)																	
SRR26260946_2	(1, 32.30699716910225)	(2, 32.5799569542199)	(3, 32.354063471647564)	(4, 32.50325612892487)	(5, 32.41771137568678)	(6, 32.40180199168399)	(7, 32.690271068543176)	(8, 32.696136957958075)	(9, 32.746057592833616)	(10, 32.69452977157955)	(15, 32.712340169035784)	(20, 32.688079068570445)	(25, 32.78049237055161)	(30, 32.75065122578498)	(35, 32.943314667762806)	(40, 32.97424091044907)	(45, 32.94885561678832)	(50, 32.91827857195423)	(55, 32.88853620766575)	(60, 32.86012155659622)	(65, 32.81969796694267)	(70, 32.78055059556682)	(75, 32.73596593585419)	(80, 32.707122551358964)	(85, 32.64777873114544)	(90, 32.60234794656911)	(95, 32.555963640901325)	(100, 32.501895091291324)	(105, 32.4302845146028)	(110, 32.350394116549616)	(115, 32.25773410974245)	(120, 32.166222730165984)	(125, 31.992455294761623)	(130, 31.963188461596438)	(135, 31.806078727074997)	(140, 31.69999165373344)	(145, 31.56517282868225)	(150, 29.238514534937742)																	
SRR26260947_1	(1, 32.13732625960278)	(2, 32.5490816373282)	(3, 32.476312769373365)	(4, 32.79057980066656)	(5, 32.62938211603191)	(6, 32.63913244780216)	(7, 32.71589131855853)	(8, 32.819267833742664)	(9, 32.8843965757838)	(10, 32.838758813738124)	(15, 32.87567864582418)	(20, 32.87185037521348)	(25, 32.81651815290412)	(30, 32.85571128213162)	(35, 33.05946812608904)	(40, 33.09926422684798)	(45, 33.085236434944655)	(50, 32.954722478117766)	(55, 33.03925406694148)	(60, 33.0188846276611)	(65, 32.99585785360479)	(70, 32.96906646309678)	(75, 32.8976752772493)	(80, 32.92562658850396)	(85, 32.89304470423612)	(90, 32.865883853248555)	(95, 32.81058862567007)	(100, 32.77525834646946)	(105, 32.722459743633856)	(110, 32.67172913734789)	(115, 32.61277040093329)	(120, 32.54389261509822)	(125, 32.46961262668613)	(130, 32.40683783386127)	(135, 32.338887698425985)	(140, 32.26815843880176)	(145, 32.159672350583435)	(150, 30.62410555612703)																	
SRR26260947_2	(1, 32.17534627831475)	(2, 32.4992978102606)	(3, 32.28198737985622)	(4, 32.44722826308259)	(5, 32.37498105364509)	(6, 32.343669438174416)	(7, 32.631303959948774)	(8, 32.63719998596311)	(9, 32.690326016399275)	(10, 32.63830507806907)	(15, 32.655067018466745)	(20, 32.621594146169606)	(25, 32.71522381226197)	(30, 32.683470321341325)	(35, 32.88207982403738)	(40, 32.910057999982826)	(45, 32.891274648269835)	(50, 32.857858177218155)	(55, 32.83257887694697)	(60, 32.800546220857214)	(65, 32.75387934210954)	(70, 32.710532591590855)	(75, 32.6658265718587)	(80, 32.638104181185945)	(85, 32.58191935401945)	(90, 32.53295779337037)	(95, 32.479672608264124)	(100, 32.42086634267577)	(105, 32.34532518465377)	(110, 32.262772403493656)	(115, 32.16448402502026)	(120, 32.070764139933104)	(125, 31.893569522701434)	(130, 31.863879339881557)	(135, 31.69918610977475)	(140, 31.583513031502623)	(145, 31.435926525613333)	(150, 29.124858602476067)																	
SRR26260948_1	(1, 32.059395489167166)	(2, 32.453101920236335)	(3, 32.37128158541463)	(4, 32.69953374334348)	(5, 32.5344138557779)	(6, 32.54559872446297)	(7, 32.62850279919657)	(8, 32.73454998676387)	(9, 32.8036428435469)	(10, 32.751019672305176)	(15, 32.791110256125044)	(20, 32.78797009817727)	(25, 32.73332676879843)	(30, 32.77158674331339)	(35, 33.04857158240378)	(40, 33.116880229375354)	(45, 33.10766541326906)	(50, 32.98472253263468)	(55, 33.06611128162045)	(60, 33.05313935576865)	(65, 33.029686843484505)	(70, 32.998741813543575)	(75, 32.925771723311826)	(80, 32.95584584367089)	(85, 32.92338954747844)	(90, 32.89985388994092)	(95, 32.84982401603089)	(100, 32.816613660547695)	(105, 32.77139489273095)	(110, 32.72063970659948)	(115, 32.668542849433564)	(120, 32.60521977299698)	(125, 32.53995222389799)	(130, 32.472883935067514)	(135, 32.40750562798574)	(140, 32.33307264057991)	(145, 32.23237860122985)	(150, 30.68411496876245)																	
SRR26260948_2	(1, 32.23690569687807)	(2, 32.49896147930921)	(3, 32.27522531005172)	(4, 32.41280001474062)	(5, 32.33123189329413)	(6, 32.30752907638177)	(7, 32.59170094593539)	(8, 32.5963859108064)	(9, 32.64498440232699)	(10, 32.59170867123784)	(15, 32.61706826969792)	(20, 32.5972029840967)	(25, 32.69351957003367)	(30, 32.66742402241115)	(35, 32.94335628498935)	(40, 32.995136446042146)	(45, 32.978373273812224)	(50, 32.95194258933243)	(55, 32.9272655121832)	(60, 32.90356824862708)	(65, 32.86936766673608)	(70, 32.83361797033342)	(75, 32.79633399847363)	(80, 32.77063584582531)	(85, 32.71769352143428)	(90, 32.67627254406507)	(95, 32.6322351963186)	(100, 32.58353842734143)	(105, 32.51406444493615)	(110, 32.440139348373506)	(115, 32.35217772514867)	(120, 32.26534542835534)	(125, 32.093362900759104)	(130, 32.06569080007124)	(135, 31.910468599136465)	(140, 31.806863859530985)	(145, 31.672561130020917)	(150, 29.29603477183938)																	
SRR26260949_1	(1, 32.15819834939698)	(2, 32.56507770736649)	(3, 32.48835337666798)	(4, 32.81106987869683)	(5, 32.657841921614796)	(6, 32.65876408117001)	(7, 32.7255479252863)	(8, 32.82634616406288)	(9, 32.8896324185281)	(10, 32.84759091404595)	(15, 32.88566749009793)	(20, 32.8801404639157)	(25, 32.822982129582044)	(30, 32.8624861156346)	(35, 33.06138466477652)	(40, 33.10838914310064)	(45, 33.09201852446542)	(50, 32.97302370275113)	(55, 33.04921069483765)	(60, 33.0351304553226)	(65, 33.00454657546162)	(70, 32.97790003312597)	(75, 32.903516484557876)	(80, 32.93266892984593)	(85, 32.90019784218373)	(90, 32.87249206422906)	(95, 32.81835557883879)	(100, 32.781979113400276)	(105, 32.73423561082482)	(110, 32.679241460459046)	(115, 32.622878695397574)	(120, 32.549778934863006)	(125, 32.48045025067915)	(130, 32.41363577614694)	(135, 32.3467348986964)	(140, 32.27519975822721)	(145, 32.17147347943218)	(150, 30.632143843674672)																	
SRR26260949_2	(1, 32.24877325433281)	(2, 32.55892317157615)	(3, 32.30678525686234)	(4, 32.44578233085365)	(5, 32.39651087490335)	(6, 32.37214949982754)	(7, 32.658148463664745)	(8, 32.661363802152664)	(9, 32.70670296589493)	(10, 32.663642853624836)	(15, 32.6792503891944)	(20, 32.64878130162047)	(25, 32.740190769895186)	(30, 32.70722410228221)	(35, 32.903450788845014)	(40, 32.93128218103944)	(45, 32.909982858718664)	(50, 32.87560436029663)	(55, 32.85080926605541)	(60, 32.82309927392289)	(65, 32.77783591152613)	(70, 32.734929395618856)	(75, 32.685897838589156)	(80, 32.65633775118276)	(85, 32.60014012046636)	(90, 32.548636629849355)	(95, 32.49329540044288)	(100, 32.43304574015725)	(105, 32.35355114997595)	(110, 32.26474226018932)	(115, 32.163631379497545)	(120, 32.06214545540729)	(125, 31.878461388673962)	(130, 31.84071268001868)	(135, 31.6677091627721)	(140, 31.55589671723086)	(145, 31.407254056226503)	(150, 29.117822635504353)																	
SRR26260950_1	(1, 32.28661100824737)	(2, 32.708464926313646)	(3, 32.620737705139106)	(4, 32.9528830731142)	(5, 32.790974462104764)	(6, 32.80365803914082)	(7, 32.87267980015924)	(8, 32.984062558099424)	(9, 33.0462431526965)	(10, 33.001686575269176)	(15, 33.038061930997074)	(20, 33.03063409153838)	(25, 32.974247505750455)	(30, 33.014046937225814)	(35, 33.07613595053762)	(40, 33.08470121059158)	(45, 33.06965297906742)	(50, 32.94308505061686)	(55, 33.022836619486654)	(60, 33.00132302561016)	(65, 32.97897322771987)	(70, 32.95166905324997)	(75, 32.87579277601696)	(80, 32.90432444105739)	(85, 32.870306771836866)	(90, 32.84452398667695)	(95, 32.792272636687684)	(100, 32.75891552266768)	(105, 32.711370809654355)	(110, 32.653811706692785)	(115, 32.59617494439907)	(120, 32.519785015689365)	(125, 32.44960372836359)	(130, 32.382522437682404)	(135, 32.31270105819317)	(140, 32.24181536632204)	(145, 32.14126994983618)	(150, 30.600114740788435)																	
SRR26260950_2	(1, 32.25928190792347)	(2, 32.579584284809606)	(3, 32.35975213411597)	(4, 32.52985065245296)	(5, 32.46676757537994)	(6, 32.43293988809345)	(7, 32.73996769952042)	(8, 32.74591662336424)	(9, 32.79627397524788)	(10, 32.743440579355166)	(15, 32.76895502339474)	(20, 32.73460521100202)	(25, 32.833740812719704)	(30, 32.79992440760702)	(35, 32.865348083579164)	(40, 32.860303123317834)	(45, 32.8334734896867)	(50, 32.79624206597028)	(55, 32.76165608506065)	(60, 32.72988514909572)	(65, 32.68777116337818)	(70, 32.6431118948952)	(75, 32.59262134249612)	(80, 32.55630107719175)	(85, 32.48979417242216)	(90, 32.437946956926474)	(95, 32.38726971484972)	(100, 32.32789879280974)	(105, 32.245708800702246)	(110, 32.16057078487991)	(115, 32.0559897223634)	(120, 31.95280894704687)	(125, 31.768845186032273)	(130, 31.72952930297631)	(135, 31.55783535912807)	(140, 31.447331230673473)	(145, 31.300462715379375)	(150, 28.987724934467245)																	
SRR26260951_1	(1, 32.253295496908386)	(2, 32.66691840958465)	(3, 32.603636024732936)	(4, 32.92074944402309)	(5, 32.752349372035326)	(6, 32.766056356133745)	(7, 32.84112043809695)	(8, 32.950572174158964)	(9, 33.016427221658034)	(10, 32.96815713900065)	(15, 33.00701060533995)	(20, 33.00264734995051)	(25, 32.94660037793575)	(30, 32.98873340103611)	(35, 33.08221176749024)	(40, 33.10556875843188)	(45, 33.084077484326805)	(50, 32.964185987020194)	(55, 33.03917634533481)	(60, 33.02694001992649)	(65, 32.99632235438152)	(70, 32.9723055656182)	(75, 32.892800388031205)	(80, 32.920758789562356)	(85, 32.88389650490416)	(90, 32.85523937466918)	(95, 32.799184808540176)	(100, 32.75841995350488)	(105, 32.70679997124678)	(110, 32.64684818313183)	(115, 32.58565778080998)	(120, 32.50675850860874)	(125, 32.43573434314678)	(130, 32.36658886289443)	(135, 32.30023501434901)	(140, 32.22392324454633)	(145, 32.11547680908679)	(150, 30.590444235656374)																	
SRR26260951_2	(1, 32.413342288953736)	(2, 32.705629571544264)	(3, 32.51071756372845)	(4, 32.65479618464861)	(5, 32.56659125091591)	(6, 32.54581378308545)	(7, 32.81779845997609)	(8, 32.82107891658418)	(9, 32.86827165096219)	(10, 32.818473525215)	(15, 32.83440207736113)	(20, 32.80276931778741)	(25, 32.89081528711547)	(30, 32.85667992441285)	(35, 32.95181502613303)	(40, 32.95615914898678)	(45, 32.936454231995086)	(50, 32.903127765981)	(55, 32.87810949946074)	(60, 32.84691672947597)	(65, 32.80249391125064)	(70, 32.75871980599975)	(75, 32.71461247520223)	(80, 32.68381363880867)	(85, 32.63071517662863)	(90, 32.578291763176004)	(95, 32.52636636509882)	(100, 32.46827006934716)	(105, 32.39275942000321)	(110, 32.308795876634775)	(115, 32.21316071557791)	(120, 32.11612987036463)	(125, 31.934962292172703)	(130, 31.901139108053133)	(135, 31.733280093762186)	(140, 31.618061699629614)	(145, 31.46529621228658)	(150, 29.198042064447847)																	
SRR26260989_1	(1, 31.331007754161277)	(2, 31.382978542669406)	(3, 31.468003751991716)	(4, 31.518967636340392)	(5, 35.033870937717886)	(6, 35.017671653009124)	(7, 35.07508650864792)	(8, 35.08911685468124)	(9, 35.0961691479151)	(10, 35.041419454453745)	(15, 35.01263568174667)	(20, 34.964643895544654)	(25, 34.863909669705144)	(30, 34.82202671307473)	(35, 34.752820374997995)	(40, 34.665862540881974)	(45, 34.567288519923885)	(50, 34.45374624921832)	(55, 34.330602677096955)	(60, 34.226581318793386)	(65, 34.15443598871791)	(70, 34.109177936871035)	(75, 34.02732981454476)	(80, 33.97216965999528)	(85, 33.91429846583766)	(90, 33.815512048310595)	(95, 33.72821785920598)	(100, 33.57906159315481)	(105, 33.39347942343866)	(110, 33.154400965596565)	(115, 32.962396349963825)	(120, 32.72104919156264)	(125, 32.4624499043318)	(130, 32.2310506621205)	(135, 31.986283674928995)	(140, 31.821186739970983)	(145, 30.57478940625273)																		
SRR26260989_2	(1, 31.10768721153166)	(2, 31.054427993437248)	(3, 31.126755238695694)	(4, 31.179909215859343)	(5, 34.80705422596958)	(6, 34.77766407478526)	(7, 34.93949824755857)	(8, 34.867856758123736)	(9, 34.876936998971836)	(10, 34.8340123306712)	(15, 34.796940640114386)	(20, 34.70144003607969)	(25, 34.63969403295614)	(30, 34.57628421108916)	(35, 34.50626653146662)	(40, 34.43988397793341)	(45, 34.34091323724532)	(50, 34.25873019336791)	(55, 34.152581776914154)	(60, 34.061802869495715)	(65, 34.018668636670355)	(70, 33.9996457325798)	(75, 33.92761739973473)	(80, 33.859093095708914)	(85, 33.77662114238966)	(90, 33.72290234772327)	(95, 33.62390563479967)	(100, 33.49230341065544)	(105, 33.33735558307406)	(110, 33.13165074401381)	(115, 32.8956130276059)	(120, 32.63467196479812)	(125, 32.3105977794591)	(130, 31.98517980227434)	(135, 31.6631490395413)	(140, 31.43465235929464)	(145, 30.306247208612486)																		
SRR26260990_1	(1, 31.365119976505703)	(2, 31.410640981359677)	(3, 31.48811883421818)	(4, 31.533915411247577)	(5, 35.050828617112636)	(6, 35.034639749635815)	(7, 35.09599526838789)	(8, 35.0988327693157)	(9, 35.11212164520169)	(10, 35.055291896233776)	(15, 35.02834219825399)	(20, 34.97995708255009)	(25, 34.884484865122865)	(30, 34.84404796562657)	(35, 34.778071533256494)	(40, 34.69380206980784)	(45, 34.59781509903799)	(50, 34.48733189691391)	(55, 34.36650477171065)	(60, 34.26544654865247)	(65, 34.193404325780875)	(70, 34.14860177744101)	(75, 34.069276019273055)	(80, 34.01707950038586)	(85, 33.95919669943049)	(90, 33.861901145323245)	(95, 33.776396695642816)	(100, 33.63243148019062)	(105, 33.451680921450574)	(110, 33.21620653597224)	(115, 33.027733841248676)	(120, 32.79124493884815)	(125, 32.53816659717503)	(130, 32.308622908202764)	(135, 32.06501153417875)	(140, 31.89756064561311)	(145, 30.664202386796557)																		
SRR26260990_2	(1, 31.075479779003004)	(2, 31.02149476672388)	(3, 31.0934354809)	(4, 31.143802184435813)	(5, 34.76286506396959)	(6, 34.732452787130676)	(7, 34.90590362209621)	(8, 34.829720377751265)	(9, 34.83906487313667)	(10, 34.79613557945469)	(15, 34.76277421611262)	(20, 34.66586801612239)	(25, 34.605783291596666)	(30, 34.54172306114967)	(35, 34.476320106355466)	(40, 34.410972354091385)	(45, 34.31166069356698)	(50, 34.230449052943264)	(55, 34.12348437504671)	(60, 34.03510224901306)	(65, 33.99240340201987)	(70, 33.9756126685168)	(75, 33.90228313682301)	(80, 33.83604922533392)	(85, 33.753285931535885)	(90, 33.70042248070803)	(95, 33.602290873258994)	(100, 33.47094206021077)	(105, 33.31837145197311)	(110, 33.11512634669053)	(115, 32.88301315602979)	(120, 32.62461551032345)	(125, 32.30557728965461)	(130, 31.982432753389396)	(135, 31.66382740969584)	(140, 31.438412226256567)	(145, 30.315774079069282)																		
SRR26260991_1	(1, 31.355900102457028)	(2, 31.407662571561982)	(3, 31.487109278907933)	(4, 31.535397508914254)	(5, 35.05490459637825)	(6, 35.03952204837821)	(7, 35.106871238374765)	(8, 35.10467183575253)	(9, 35.11748025240499)	(10, 35.059099052263676)	(15, 35.0316698271995)	(20, 34.983075595498384)	(25, 34.8892318264068)	(30, 34.84738327998721)	(35, 34.78527894117398)	(40, 34.70171004599753)	(45, 34.604521105654364)	(50, 34.49524933021296)	(55, 34.37442067338161)	(60, 34.2742366243953)	(65, 34.200839741704264)	(70, 34.15974194843716)	(75, 34.07593372738567)	(80, 34.02826024187391)	(85, 33.96994380353534)	(90, 33.8740231076645)	(95, 33.792788508716505)	(100, 33.64965330797534)	(105, 33.46853808591216)	(110, 33.23414586784574)	(115, 33.04963992922042)	(120, 32.81240742890684)	(125, 32.56022646919352)	(130, 32.33241534667696)	(135, 32.096338751078285)	(140, 31.927970468232672)	(145, 30.693347067828007)																		
SRR26260991_2	(1, 31.10837107090711)	(2, 31.051813838792707)	(3, 31.12295347999194)	(4, 31.17534472042784)	(5, 34.802520696990136)	(6, 34.77445195372458)	(7, 34.93858235896806)	(8, 34.86827922663473)	(9, 34.87514900032929)	(10, 34.831659422676005)	(15, 34.797856936390176)	(20, 34.705818373301454)	(25, 34.6478375567299)	(30, 34.58692414685907)	(35, 34.5204781417052)	(40, 34.455808700963004)	(45, 34.359769396855356)	(50, 34.282229667681264)	(55, 34.17815034723744)	(60, 34.09170474463039)	(65, 34.050037790443994)	(70, 34.03250266897025)	(75, 33.96260057102075)	(80, 33.897191038979386)	(85, 33.819587186091155)	(90, 33.768011728784856)	(95, 33.67243015078607)	(100, 33.54179174131469)	(105, 33.390693139781625)	(110, 33.189046615861535)	(115, 32.95658901390778)	(120, 32.70007989828033)	(125, 32.37790413764428)	(130, 32.05308632914281)	(135, 31.73238342091772)	(140, 31.504256655948115)	(145, 30.37109508307715)																		
SRR26260992_1	(1, 31.36237872965856)	(2, 31.407537971963205)	(3, 31.493160637434137)	(4, 31.542647679830207)	(5, 35.077856846199865)	(6, 35.0610683676505)	(7, 35.11390178209346)	(8, 35.118220133250674)	(9, 35.134039230205495)	(10, 35.083153327685935)	(15, 35.054114682392054)	(20, 35.00978267733669)	(25, 34.91554433813557)	(30, 34.87444243053316)	(35, 34.80833824296728)	(40, 34.72625042151408)	(45, 34.62678702771841)	(50, 34.516911310592796)	(55, 34.39649405276052)	(60, 34.293656132916624)	(65, 34.22017278780245)	(70, 34.17569481770237)	(75, 34.0939793932756)	(80, 34.04250834915116)	(85, 33.98442683688025)	(90, 33.885387995476734)	(95, 33.80152201122335)	(100, 33.65552805963923)	(105, 33.46907929872811)	(110, 33.23076141095472)	(115, 33.04367843478078)	(120, 32.803131814056385)	(125, 32.54646667372182)	(130, 32.31770832558133)	(135, 32.076893696242216)	(140, 31.908040911635283)	(145, 30.662910587855155)																		
SRR26260992_2	(1, 31.133188939062563)	(2, 31.07826392209636)	(3, 31.152734981770802)	(4, 31.203781512407325)	(5, 34.84424309096096)	(6, 34.8123064650756)	(7, 34.976091956575935)	(8, 34.909870362316745)	(9, 34.91921494414824)	(10, 34.87528418751918)	(15, 34.84006983929377)	(20, 34.746675112984875)	(25, 34.687832436139466)	(30, 34.627243761891755)	(35, 34.55954987396982)	(40, 34.49418917257147)	(45, 34.39848378612587)	(50, 34.31985185610143)	(55, 34.21575288152653)	(60, 34.12722696928566)	(65, 34.08420858056079)	(70, 34.066952180482886)	(75, 33.9953664759214)	(80, 33.9302347350377)	(85, 33.851555285358316)	(90, 33.79937698557501)	(95, 33.70224231618055)	(100, 33.570664421212086)	(105, 33.419495985870135)	(110, 33.21746276519681)	(115, 32.98586873915758)	(120, 32.72843603669025)	(125, 32.408305477306314)	(130, 32.087369991987714)	(135, 31.76913476755363)	(140, 31.539762302275175)	(145, 30.4078151198793)																		
SRR26260993_1	(1, 31.360326653309677)	(2, 31.40741105860331)	(3, 31.48853748206826)	(4, 31.53576092359128)	(5, 35.05513031614763)	(6, 35.03766324477938)	(7, 35.08443542674824)	(8, 35.098876285382474)	(9, 35.11842759165863)	(10, 35.06375389452108)	(15, 35.033044436911474)	(20, 34.987249832235946)	(25, 34.89478729696153)	(30, 34.8524943042419)	(35, 34.787761215088885)	(40, 34.706971127276255)	(45, 34.6065130069389)	(50, 34.49927647915633)	(55, 34.37873915636502)	(60, 34.27454063729316)	(65, 34.20163414035614)	(70, 34.15916606709738)	(75, 34.076832364951294)	(80, 34.029871083614786)	(85, 33.97309834138171)	(90, 33.87244883790521)	(95, 33.79432839587709)	(100, 33.654584488270174)	(105, 33.47292306675534)	(110, 33.23510376122552)	(115, 33.04884371677696)	(120, 32.81024560730164)	(125, 32.55649059856027)	(130, 32.340724673328886)	(135, 32.10113358928604)	(140, 31.926231368792607)	(145, 30.681824180466453)																		
SRR26260993_2	(1, 31.127379099437793)	(2, 31.06843986514444)	(3, 31.138023259043496)	(4, 31.190951461740923)	(5, 34.821500998198665)	(6, 34.79190227861471)	(7, 34.95689664943513)	(8, 34.88954052599227)	(9, 34.897566716702386)	(10, 34.85378117448349)	(15, 34.818832026007584)	(20, 34.727968263616816)	(25, 34.670027439935154)	(30, 34.61120128868745)	(35, 34.545338559589986)	(40, 34.48094778815862)	(45, 34.38516002876027)	(50, 34.30956055299713)	(55, 34.204657970609205)	(60, 34.11628988999197)	(65, 34.076404040697376)	(70, 34.06107175867195)	(75, 33.99029721091746)	(80, 33.92346883057265)	(85, 33.84610798148062)	(90, 33.79326399330141)	(95, 33.69877011960924)	(100, 33.56557840171069)	(105, 33.41554792814992)	(110, 33.21254645354577)	(115, 32.98212556414326)	(120, 32.7253190436307)	(125, 32.404871110861166)	(130, 32.08262426295204)	(135, 31.762753710905805)	(140, 31.532245249472425)	(145, 30.406603937819405)																		
SRR26260994_1	(1, 31.333532878534985)	(2, 31.37773317979733)	(3, 31.437695496973472)	(4, 31.469845629007516)	(5, 34.960085613536485)	(6, 34.95888653453002)	(7, 35.0417436448071)	(8, 35.035644510064884)	(9, 35.0362632863776)	(10, 34.978088319112615)	(15, 34.95059818133813)	(20, 34.881967498228356)	(25, 34.74544114036919)	(30, 34.67918025140795)	(35, 34.55609064530959)	(40, 34.429965303135354)	(45, 34.320030804656724)	(50, 34.16613339017918)	(55, 34.02127351288816)	(60, 33.89702045402531)	(65, 33.79939804944561)	(70, 33.72569478189228)	(75, 33.645965185372006)	(80, 33.55615418672706)	(85, 33.45547437236729)	(90, 33.34474531836436)	(95, 33.21614406722544)	(100, 33.03495694482974)	(105, 32.80524396338013)	(110, 32.55998126322525)	(115, 32.32075018510832)	(120, 32.06893687391285)	(125, 31.776088304391028)	(130, 31.49164773163982)	(135, 31.236464987441014)	(140, 31.078184260309417)	(145, 29.80678716908394)																		
SRR26260994_2	(1, 31.112445756832635)	(2, 31.042654843800815)	(3, 31.11595786517583)	(4, 31.148207101544024)	(5, 34.76580037364837)	(6, 34.738732398087556)	(7, 34.89802488492216)	(8, 34.81330949884913)	(9, 34.817393380794634)	(10, 34.76766705801599)	(15, 34.71148151523388)	(20, 34.596811774633224)	(25, 34.501325133415385)	(30, 34.40749195391472)	(35, 34.310746439213645)	(40, 34.21818816398961)	(45, 34.08505405851006)	(50, 33.968146838506506)	(55, 33.83578705957584)	(60, 33.71896922125832)	(65, 33.648200557639214)	(70, 33.61089914027116)	(75, 33.51422223590818)	(80, 33.42277575976523)	(85, 33.30134176341769)	(90, 33.22258146290422)	(95, 33.08907173088072)	(100, 32.939739849034225)	(105, 32.74669147937559)	(110, 32.51627270817796)	(115, 32.23099477213895)	(120, 31.926083339971047)	(125, 31.545012801712563)	(130, 31.16998254731459)	(135, 30.808900420938176)	(140, 30.565141592643)	(145, 29.358002261484103)																		
SRR26260995_1	(1, 31.361357889890915)	(2, 31.396523631394682)	(3, 31.452662860195222)	(4, 31.48314447411317)	(5, 34.98429701419102)	(6, 34.98314009271831)	(7, 35.07795777554817)	(8, 35.06227091593776)	(9, 35.065955419124066)	(10, 34.996843769754804)	(15, 34.96273651993903)	(20, 34.89009744455395)	(25, 34.747808491263186)	(30, 34.6771097440789)	(35, 34.55031873079827)	(40, 34.41796838724921)	(45, 34.306826467217306)	(50, 34.151911327102745)	(55, 34.0029248116935)	(60, 33.87837954319727)	(65, 33.77755291674632)	(70, 33.70248100921627)	(75, 33.623665248771786)	(80, 33.529895168066204)	(85, 33.424119012947095)	(90, 33.30944069751198)	(95, 33.17594688283016)	(100, 32.99197133176117)	(105, 32.75231660499973)	(110, 32.50529497384393)	(115, 32.2611452507593)	(120, 32.00032187507455)	(125, 31.70171041952608)	(130, 31.412990639540407)	(135, 31.148881792815683)	(140, 30.988091101683438)	(145, 29.70216371609016)																		
SRR26260995_2	(1, 31.139894372733025)	(2, 31.066278242962706)	(3, 31.139768994871037)	(4, 31.16672153683472)	(5, 34.795146633957586)	(6, 34.77287415471148)	(7, 34.931321152478105)	(8, 34.84201703026524)	(9, 34.848995009641236)	(10, 34.79171273989345)	(15, 34.72851131564359)	(20, 34.609314778831354)	(25, 34.50585328031368)	(30, 34.4032405795929)	(35, 34.29555491891407)	(40, 34.19691010643588)	(45, 34.06091274427251)	(50, 33.94094626496475)	(55, 33.80894665909556)	(60, 33.68886234886154)	(65, 33.601066279226146)	(70, 33.55430744447545)	(75, 33.45196837779724)	(80, 33.36048924411172)	(85, 33.24009216122003)	(90, 33.157212137839835)	(95, 33.01059468859588)	(100, 32.8516564242707)	(105, 32.6498656525492)	(110, 32.408719255148775)	(115, 32.1169390529226)	(120, 31.80202579782811)	(125, 31.414180347534135)	(130, 31.031477760176223)	(135, 30.662366053333876)	(140, 30.40131646451609)	(145, 29.176450880166573)																		
SRR26260996_1	(1, 31.278998301406176)	(2, 31.323462089744982)	(3, 31.389507233298026)	(4, 31.428151236661652)	(5, 34.89635175762755)	(6, 34.895685255767255)	(7, 34.98236919555789)	(8, 34.97911014200495)	(9, 34.97272355516535)	(10, 34.91069476297452)	(15, 34.877636886352946)	(20, 34.80295195716123)	(25, 34.655833130491565)	(30, 34.58697362914001)	(35, 34.45660545150165)	(40, 34.31977768421847)	(45, 34.206543300420336)	(50, 34.046443250833)	(55, 33.89385657194294)	(60, 33.76545765676101)	(65, 33.66253684277218)	(70, 33.58645043915418)	(75, 33.50576046641307)	(80, 33.41113283754889)	(85, 33.304772916701204)	(90, 33.18764632213922)	(95, 33.05423562751919)	(100, 32.86592704614032)	(105, 32.62394432878997)	(110, 32.369575654591614)	(115, 32.119815977356154)	(120, 31.85713848052182)	(125, 31.55362962792095)	(130, 31.25799949357897)	(135, 30.98971962987573)	(140, 30.826515266251374)	(145, 29.53833882382493)																		
SRR26260996_2	(1, 31.080785932182824)	(2, 31.018192927372354)	(3, 31.090656548395287)	(4, 31.121081071611016)	(5, 34.728053784664965)	(6, 34.69774125683982)	(7, 34.85786805173438)	(8, 34.767191116554464)	(9, 34.770040868906925)	(10, 34.71680864886558)	(15, 34.65294659397691)	(20, 34.52891114482368)	(25, 34.425442584077544)	(30, 34.32253283934577)	(35, 34.21215520726114)	(40, 34.11137143221458)	(45, 33.973605341499045)	(50, 33.85241733679685)	(55, 33.7201594944116)	(60, 33.59740790055912)	(65, 33.510135451923205)	(70, 33.4671323613421)	(75, 33.36532604977747)	(80, 33.272629551397515)	(85, 33.15114175983548)	(90, 33.069815964341345)	(95, 32.92240354120419)	(100, 32.763375094277066)	(105, 32.55942822994653)	(110, 32.3174422519995)	(115, 32.019818970435615)	(120, 31.70224306976332)	(125, 31.309913256334163)	(130, 30.923602969600154)	(135, 30.549523465284665)	(140, 30.288737729798008)	(145, 29.059615216854823)																		
SRR26260997_1	(1, 31.310678886591244)	(2, 31.353180049061553)	(3, 31.41758146922097)	(4, 31.45396784624812)	(5, 34.94021451065601)	(6, 34.94244352045142)	(7, 35.020004119252356)	(8, 35.02439770182666)	(9, 35.02876738153514)	(10, 34.96487911881017)	(15, 34.940087621568054)	(20, 34.868891714760636)	(25, 34.727478208840594)	(30, 34.65954716327765)	(35, 34.535396465909784)	(40, 34.4052989015853)	(45, 34.292293241167094)	(50, 34.13213884266213)	(55, 33.981847757529906)	(60, 33.85529180498566)	(65, 33.75456985556006)	(70, 33.67943850421632)	(75, 33.598747677156084)	(80, 33.50401277009289)	(85, 33.399749802129705)	(90, 33.284608461650166)	(95, 33.14985794220287)	(100, 32.963349353491004)	(105, 32.72543326511804)	(110, 32.47551693297042)	(115, 32.22854621166223)	(120, 31.97215643571392)	(125, 31.675750911427393)	(130, 31.38956391132694)	(135, 31.135055743331076)	(140, 30.97763337463723)	(145, 29.69493079744607)																		
SRR26260997_2	(1, 31.15649262759954)	(2, 31.08779245021227)	(3, 31.16983568388826)	(4, 31.199187002854785)	(5, 34.831452491420514)	(6, 34.810530040276696)	(7, 34.96757685569764)	(8, 34.88685950637364)	(9, 34.89227287904688)	(10, 34.84046054066759)	(15, 34.78431275796916)	(20, 34.6685370335723)	(25, 34.57233128556442)	(30, 34.477669333502604)	(35, 34.37999731473913)	(40, 34.287902911740275)	(45, 34.15355210452423)	(50, 34.03513138756868)	(55, 33.90182687603)	(60, 33.782532365906626)	(65, 33.707483507385106)	(70, 33.66913671769292)	(75, 33.57024700726981)	(80, 33.47913004979033)	(85, 33.35688423170171)	(90, 33.275971566341255)	(95, 33.1398887069888)	(100, 32.98736762277516)	(105, 32.79274844204988)	(110, 32.55905230842045)	(115, 32.272793615746565)	(120, 31.963418751895073)	(125, 31.57996988751886)	(130, 31.198995604756156)	(135, 30.836091342420552)	(140, 30.59375646715622)	(145, 29.36327879434931)																		
SRR26260998_1	(1, 31.298685012241865)	(2, 31.341222205666295)	(3, 31.401878482602278)	(4, 31.44016750692265)	(5, 34.92566631275011)	(6, 34.92712118264084)	(7, 35.01808792519111)	(8, 35.00450305352841)	(9, 35.010379752043754)	(10, 34.945500815253034)	(15, 34.91228546826651)	(20, 34.83826912252838)	(25, 34.69196097906725)	(30, 34.6213547372442)	(35, 34.493470917689976)	(40, 34.36044458613545)	(45, 34.24800379252597)	(50, 34.089146942806934)	(55, 33.938646055235274)	(60, 33.814245778890694)	(65, 33.712663681946495)	(70, 33.63589278738303)	(75, 33.556455363735324)	(80, 33.46543558749878)	(85, 33.36100084572431)	(90, 33.24570953861783)	(95, 33.1139745328416)	(100, 32.92731126086649)	(105, 32.689260560991144)	(110, 32.43978536788452)	(115, 32.19352231216)	(120, 31.935029684693518)	(125, 31.630948531474964)	(130, 31.340152652561336)	(135, 31.074003756542123)	(140, 30.908820847082247)	(145, 29.623577733410087)																		
SRR26260998_2	(1, 31.13715538943102)	(2, 31.0720320288808)	(3, 31.143489527462222)	(4, 31.17581045899509)	(5, 34.80171146568193)	(6, 34.77582995505269)	(7, 34.92502403000936)	(8, 34.84063928758867)	(9, 34.843958142879835)	(10, 34.79051417964966)	(15, 34.72275130882502)	(20, 34.60245168126058)	(25, 34.49807697244328)	(30, 34.39607792690741)	(35, 34.2863893386149)	(40, 34.185876006941875)	(45, 34.049110379681)	(50, 33.92839534685161)	(55, 33.79401438488808)	(60, 33.67085000626143)	(65, 33.581807296967554)	(70, 33.53418967109658)	(75, 33.43130826734668)	(80, 33.33835949778635)	(85, 33.215929699657366)	(90, 33.13177637051338)	(95, 32.98471420965294)	(100, 32.82217216176306)	(105, 32.61933988969501)	(110, 32.37774207939975)	(115, 32.08230629630448)	(120, 31.76259531811155)	(125, 31.370034924226776)	(130, 30.98056506496339)	(135, 30.607889169527233)	(140, 30.346044419288187)	(145, 29.133777040138938)																		
SRR26260999_1	(1, 31.281385586518635)	(2, 31.337072410027403)	(3, 31.39738467087825)	(4, 31.43712051708545)	(5, 34.92899607505257)	(6, 34.93718777642721)	(7, 35.03849475995622)	(8, 35.025679408203565)	(9, 35.021894717597235)	(10, 34.95823315397707)	(15, 34.92845190478555)	(20, 34.853871696893734)	(25, 34.71062423002945)	(30, 34.64419430962738)	(35, 34.51636237978054)	(40, 34.38838155964656)	(45, 34.27570330559708)	(50, 34.11803209984275)	(55, 33.97008881615782)	(60, 33.844987743199944)	(65, 33.74303529792568)	(70, 33.66934755788132)	(75, 33.589580788547615)	(80, 33.494904285976546)	(85, 33.39241655688146)	(90, 33.277034868739726)	(95, 33.143560917882475)	(100, 32.95813665039788)	(105, 32.7175682491828)	(110, 32.47001691874316)	(115, 32.22351791227019)	(120, 31.96375788688018)	(125, 31.662410141100025)	(130, 31.37185944553364)	(135, 31.10731195709949)	(140, 30.94317385176412)	(145, 29.662898315017813)																		
SRR26260999_2	(1, 31.080359237753406)	(2, 31.02585256502112)	(3, 31.104727729121503)	(4, 31.134270216088233)	(5, 34.75395756448791)	(6, 34.73436894386711)	(7, 34.90087227870937)	(8, 34.812416108242054)	(9, 34.814698319465535)	(10, 34.761682169341015)	(15, 34.70128349090815)	(20, 34.5808234453497)	(25, 34.47876244240739)	(30, 34.3787107217109)	(35, 34.27099409962295)	(40, 34.172289350159744)	(45, 34.0340552040591)	(50, 33.911641132298826)	(55, 33.77905143321813)	(60, 33.65480837133541)	(65, 33.56933053703453)	(70, 33.52283153267442)	(75, 33.421624161569)	(80, 33.32612726450462)	(85, 33.20315397180977)	(90, 33.11807075968599)	(95, 32.969223658962214)	(100, 32.80713842514434)	(105, 32.60441069256565)	(110, 32.358819232718666)	(115, 32.062174838981946)	(120, 31.743359896667435)	(125, 31.348151138521047)	(130, 30.96001798121165)	(135, 30.585676955139633)	(140, 30.32244863026318)	(145, 29.09822621890301)																		
SRR26261000_1	(1, 31.334693175583922)	(2, 31.367976654460602)	(3, 31.425887376427983)	(4, 31.45690036470144)	(5, 34.941149713272615)	(6, 34.937936830527335)	(7, 35.03976296462626)	(8, 35.02739512160416)	(9, 35.02931679037234)	(10, 34.95545036494819)	(15, 34.92348808057977)	(20, 34.85051850074314)	(25, 34.70648374738545)	(30, 34.63723213382421)	(35, 34.51448587308023)	(40, 34.38379982784414)	(45, 34.27149037335621)	(50, 34.1141182840597)	(55, 33.964419553491325)	(60, 33.83706573401836)	(65, 33.73626524426781)	(70, 33.66120152583143)	(75, 33.58149633791176)	(80, 33.487184491612496)	(85, 33.382015857035086)	(90, 33.26759713081087)	(95, 33.132202530351115)	(100, 32.9479594144523)	(105, 32.70993786328841)	(110, 32.46266304445099)	(115, 32.21573414243214)	(120, 31.95778191568674)	(125, 31.657811510054795)	(130, 31.366044893378945)	(135, 31.10330596557332)	(140, 30.944081542348222)	(145, 29.663617191014374)																		
SRR26261000_2	(1, 31.039938390830976)	(2, 30.964645232437537)	(3, 31.041225389438463)	(4, 31.071544949411454)	(5, 34.66740122052428)	(6, 34.64349747879772)	(7, 34.81267997571947)	(8, 34.72096597353653)	(9, 34.72551003915976)	(10, 34.67193100529779)	(15, 34.611401783121906)	(20, 34.4895966066069)	(25, 34.385087549114196)	(30, 34.28247900643122)	(35, 34.18051633647856)	(40, 34.084207472322504)	(45, 33.94103950097251)	(50, 33.81764473081901)	(55, 33.67867189515516)	(60, 33.5542840053599)	(65, 33.47434374648348)	(70, 33.431868076251746)	(75, 33.32959302588116)	(80, 33.23434253490897)	(85, 33.108131063954424)	(90, 33.02317541955923)	(95, 32.881356176469595)	(100, 32.72385389977417)	(105, 32.52302891591122)	(110, 32.28372786912737)	(115, 31.989459348492556)	(120, 31.676153001899934)	(125, 31.28726283633302)	(130, 30.9020184976459)	(135, 30.532191494097027)	(140, 30.277830761683862)	(145, 29.057084905118746)																		
SRR26261001_1	(1, 31.32785332349461)	(2, 31.364486754003806)	(3, 31.41880039013889)	(4, 31.45142211945812)	(5, 34.92787654687443)	(6, 34.927689931315406)	(7, 35.02668188233803)	(8, 35.00563245099456)	(9, 35.01196373669986)	(10, 34.941324168739065)	(15, 34.90750947905583)	(20, 34.83192540001478)	(25, 34.68271018876549)	(30, 34.61137406824623)	(35, 34.48073713371804)	(40, 34.345091146962474)	(45, 34.23362401953123)	(50, 34.07521649816969)	(55, 33.92522523145307)	(60, 33.79957348308814)	(65, 33.697500334747986)	(70, 33.62163279315947)	(75, 33.543299384284815)	(80, 33.44966092437308)	(85, 33.342989590500714)	(90, 33.23071311129189)	(95, 33.09746748143588)	(100, 32.912312173871236)	(105, 32.673566117487326)	(110, 32.426216867781065)	(115, 32.178758413038466)	(120, 31.919154250642272)	(125, 31.618885232276078)	(130, 31.32742010218895)	(135, 31.063046509049467)	(140, 30.901942217779002)	(145, 29.60702280429699)																		
SRR26261001_2	(1, 31.080588030265208)	(2, 31.00514263166338)	(3, 31.0740640267242)	(4, 31.105261271332946)	(5, 34.71217788444139)	(6, 34.687309420131655)	(7, 34.84837983189617)	(8, 34.75623602445306)	(9, 34.759963845747045)	(10, 34.70369574465177)	(15, 34.636895654764736)	(20, 34.51458002333401)	(25, 34.409426405092)	(30, 34.306397341610136)	(35, 34.19529677478228)	(40, 34.0950991407489)	(45, 33.95832295204091)	(50, 33.83770685937674)	(55, 33.70541408995628)	(60, 33.5833301159535)	(65, 33.49460854402125)	(70, 33.44894315249817)	(75, 33.34697254488479)	(80, 33.255533566558924)	(85, 33.134943274258546)	(90, 33.051640956776716)	(95, 32.905120799332856)	(100, 32.74941594193141)	(105, 32.54478900493801)	(110, 32.30356898120514)	(115, 32.00868688886923)	(120, 31.695438787417846)	(125, 31.305542836754974)	(130, 30.920736356661543)	(135, 30.551149562136754)	(140, 30.292015802756435)	(145, 29.06914937778258)																		
SRR26261002_1	(1, 31.33154960050667)	(2, 31.37687955486598)	(3, 31.43291926190104)	(4, 31.46629824586856)	(5, 34.96416837633387)	(6, 34.96365239151607)	(7, 35.04787693026524)	(8, 35.0368330857248)	(9, 35.0373578838426)	(10, 34.97266479074447)	(15, 34.93754524104172)	(20, 34.86288505816168)	(25, 34.71840739736878)	(30, 34.64692234140365)	(35, 34.52067953368109)	(40, 34.38515573205963)	(45, 34.27519185281635)	(50, 34.11636215591885)	(55, 33.96713297482168)	(60, 33.84281052233267)	(65, 33.738687764829976)	(70, 33.661405036764975)	(75, 33.583136088187345)	(80, 33.48816958784277)	(85, 33.38137483052253)	(90, 33.2690248729693)	(95, 33.13573303573511)	(100, 32.94999000788958)	(105, 32.7126320445845)	(110, 32.46141539172269)	(115, 32.21131874644679)	(120, 31.951522333001208)	(125, 31.64452535546571)	(130, 31.350570353168592)	(135, 31.07965576608085)	(140, 30.91146006205404)	(145, 29.586903350740982)																		
SRR26261002_2	(1, 31.113362257680013)	(2, 31.044855866613823)	(3, 31.11492519474342)	(4, 31.14176393047147)	(5, 34.7616248104971)	(6, 34.735091082743736)	(7, 34.892156224013476)	(8, 34.801428385090226)	(9, 34.80555843306034)	(10, 34.750885804444806)	(15, 34.68443817314121)	(20, 34.563267521484455)	(25, 34.45967804065968)	(30, 34.35705901941598)	(35, 34.250438317280626)	(40, 34.14999785514546)	(45, 34.012071477118404)	(50, 33.89077594098298)	(55, 33.757949440046566)	(60, 33.63530656311085)	(65, 33.5455346200719)	(70, 33.499916153206144)	(75, 33.39649020046162)	(80, 33.304614807839556)	(85, 33.18207327675407)	(90, 33.0983571864041)	(95, 32.94935108242335)	(100, 32.791176848372544)	(105, 32.5868762674232)	(110, 32.34557293531934)	(115, 32.04699596494291)	(120, 31.731923712201443)	(125, 31.336316095680512)	(130, 30.9476900758417)	(135, 30.572474214849375)	(140, 30.308630265146633)	(145, 29.081032333177316)																		
SRR26261003_1	(1, 31.36067364112797)	(2, 31.39704741132701)	(3, 31.4518762850795)	(4, 31.47872886107958)	(5, 34.97761331987035)	(6, 34.973829951038)	(7, 35.072347689568836)	(8, 35.0563867062973)	(9, 35.057563141503)	(10, 34.990768157534724)	(15, 34.95887255023931)	(20, 34.886068066202554)	(25, 34.747255084938615)	(30, 34.677654731821505)	(35, 34.55726255533434)	(40, 34.42726434280131)	(45, 34.319369527589615)	(50, 34.1633569179273)	(55, 34.017336677092416)	(60, 33.893659539092724)	(65, 33.793806607003205)	(70, 33.71929439091098)	(75, 33.63954738560337)	(80, 33.54806896993434)	(85, 33.44362326375666)	(90, 33.332059659062224)	(95, 33.200753602365346)	(100, 33.01753750451925)	(105, 32.78315110446414)	(110, 32.538087265508196)	(115, 32.29497142569089)	(120, 32.04076939887592)	(125, 31.745358037196024)	(130, 31.457078134112955)	(135, 31.19618185222696)	(140, 31.036438281248234)	(145, 29.758211725735613)																		
SRR26261003_2	(1, 31.132591124884677)	(2, 31.05990623055624)	(3, 31.128940535468352)	(4, 31.156925303675248)	(5, 34.77939772698883)	(6, 34.754980658750775)	(7, 34.91778987792285)	(8, 34.829892501109164)	(9, 34.835726249330904)	(10, 34.781607562683945)	(15, 34.72290796349527)	(20, 34.60737396423799)	(25, 34.506220366486815)	(30, 34.41040311472729)	(35, 34.31195056382603)	(40, 34.2190848688116)	(45, 34.082629965389636)	(50, 33.96162476149575)	(55, 33.82529784643325)	(60, 33.704910522793476)	(65, 33.62919288813168)	(70, 33.58786110253346)	(75, 33.48773678958825)	(80, 33.39536926818565)	(85, 33.269943560808514)	(90, 33.18596178234155)	(95, 33.049176238450954)	(100, 32.894464680809925)	(105, 32.69759062043974)	(110, 32.460166827016494)	(115, 32.17150959255635)	(120, 31.85681793450241)	(125, 31.46601293659834)	(130, 31.080594136435327)	(135, 30.709878998526428)	(140, 30.456031042162692)	(145, 29.234985933965422)																		
SRR26261004_1	(1, 31.32925420148)	(2, 31.378068850519956)	(3, 31.437655968334067)	(4, 31.47182020999038)	(5, 34.96886468358433)	(6, 34.96960356518584)	(7, 35.06440064019871)	(8, 35.0483368527907)	(9, 35.046534492458456)	(10, 34.98700372081818)	(15, 34.95826506068676)	(20, 34.88542547829731)	(25, 34.74506810439901)	(30, 34.67581972924477)	(35, 34.544887559448725)	(40, 34.41327859532443)	(45, 34.30063634443768)	(50, 34.139665082323965)	(55, 33.99129304224294)	(60, 33.865883492204595)	(65, 33.76321691699522)	(70, 33.68453875069447)	(75, 33.60537995698579)	(80, 33.51066545209075)	(85, 33.403606897123396)	(90, 33.28861001627898)	(95, 33.156193988123874)	(100, 32.97005811260891)	(105, 32.732104817763506)	(110, 32.48269991906139)	(115, 32.23687289102115)	(120, 31.9794664090826)	(125, 31.67918958544172)	(130, 31.39133467981115)	(135, 31.12992272427876)	(140, 30.968681643472582)	(145, 29.67867074655728)																		
SRR26261004_2	(1, 31.159611027735846)	(2, 31.093125424934005)	(3, 31.169186391681787)	(4, 31.197663966460954)	(5, 34.830947670116544)	(6, 34.80852261686217)	(7, 34.96169760578364)	(8, 34.88009117274781)	(9, 34.88153947587065)	(10, 34.82809877646489)	(15, 34.76602585127063)	(20, 34.645999156885345)	(25, 34.54641598853182)	(30, 34.446730537729245)	(35, 34.338378415224774)	(40, 34.23983207203066)	(45, 34.104262564343884)	(50, 33.9857912546809)	(55, 33.85555988799737)	(60, 33.733712718776104)	(65, 33.647547843517884)	(70, 33.60306188063769)	(75, 33.50146933521893)	(80, 33.411415250569085)	(85, 33.29047577749604)	(90, 33.208181649272014)	(95, 33.06351981016834)	(100, 32.905848795231535)	(105, 32.70631601113742)	(110, 32.46699451246534)	(115, 32.17240732296403)	(120, 31.856767154977682)	(125, 31.466323209733993)	(130, 31.07993541274139)	(135, 30.70911707801178)	(140, 30.44984988405134)	(145, 29.212967302958575)																		
SRR26261005_1	(1, 31.27673469488015)	(2, 31.335268419682688)	(3, 31.39653405629823)	(4, 31.437321536511956)	(5, 34.93063534037133)	(6, 34.94178091904967)	(7, 35.02052662686452)	(8, 35.02686740312255)	(9, 35.02694372196543)	(10, 34.963148515582795)	(15, 34.9312771327125)	(20, 34.85734966309029)	(25, 34.713045463723084)	(30, 34.64471250232034)	(35, 34.51371897318768)	(40, 34.38029166548905)	(45, 34.266923040780924)	(50, 34.10516727937299)	(55, 33.95393508240015)	(60, 33.82623811739607)	(65, 33.72321659412206)	(70, 33.64590500200573)	(75, 33.56470476543678)	(80, 33.46730643408188)	(85, 33.36122880018237)	(90, 33.24357026311761)	(95, 33.106455922062594)	(100, 32.91912136799631)	(105, 32.674449840788725)	(110, 32.42208867699521)	(115, 32.17159478119009)	(120, 31.912397704218694)	(125, 31.6085710571437)	(130, 31.317228852313605)	(135, 31.05451857293903)	(140, 30.891436923084978)	(145, 29.609438877612728)																		
SRR26261005_2	(1, 31.11601792270335)	(2, 31.058976214141534)	(3, 31.136531810719102)	(4, 31.167736506224486)	(5, 34.79351514336361)	(6, 34.7756298853735)	(7, 34.93265938920419)	(8, 34.84622915652283)	(9, 34.84776013193334)	(10, 34.795301118536614)	(15, 34.73133373204597)	(20, 34.60961676258839)	(25, 34.506696381507155)	(30, 34.40476058776134)	(35, 34.295097241489)	(40, 34.19313651066139)	(45, 34.05389130553076)	(50, 33.93034414489251)	(55, 33.79438487739826)	(60, 33.669976639291214)	(65, 33.58150795203171)	(70, 33.53485017193178)	(75, 33.42927970517289)	(80, 33.33338035714445)	(85, 33.21129022208377)	(90, 33.12495268385997)	(95, 32.973886107782164)	(100, 32.81282583228209)	(105, 32.60946063514489)	(110, 32.364141991544734)	(115, 32.066048601952374)	(120, 31.746863121686033)	(125, 31.35224183039343)	(130, 30.96338759201452)	(135, 30.59216447695283)	(140, 30.332096202716592)	(145, 29.106110385302983)																		
SRR26261006_1	(1, 31.364211352116016)	(2, 31.402402505804673)	(3, 31.486521489611242)	(4, 31.533092928485832)	(5, 35.04559444705193)	(6, 35.02855330351476)	(7, 35.077219090559126)	(8, 35.091273521579986)	(9, 35.10639466409734)	(10, 35.05236116374107)	(15, 35.02632337471512)	(20, 34.978123548009194)	(25, 34.879603960732155)	(30, 34.837789188765456)	(35, 34.76900397387335)	(40, 34.682315999055874)	(45, 34.58380271223748)	(50, 34.4702575220778)	(55, 34.34713335751784)	(60, 34.2439084370552)	(65, 34.16938502890544)	(70, 34.123968763933526)	(75, 34.041693086271025)	(80, 33.989155152878844)	(85, 33.929406403457136)	(90, 33.82917376107082)	(95, 33.745111745132895)	(100, 33.59758772225422)	(105, 33.4145368798887)	(110, 33.1761309048697)	(115, 32.986741162253914)	(120, 32.74747610087973)	(125, 32.494300664152846)	(130, 32.263425319766725)	(135, 32.023360528210034)	(140, 31.857327067877016)	(145, 30.620298564144793)																		
SRR26261006_2	(1, 31.141824824727074)	(2, 31.0809569195571)	(3, 31.15428522466274)	(4, 31.2044415360798)	(5, 34.837846775632535)	(6, 34.810628632499316)	(7, 34.970206988830036)	(8, 34.90337495968244)	(9, 34.91290583906376)	(10, 34.86855029600045)	(15, 34.83230451078997)	(20, 34.739972220849104)	(25, 34.67894883737332)	(30, 34.61625922099144)	(35, 34.547750344784944)	(40, 34.483711075400166)	(45, 34.38543689869839)	(50, 34.305216995087164)	(55, 34.19843155862907)	(60, 34.10932908466147)	(65, 34.0670250162117)	(70, 34.05036179714668)	(75, 33.978963749483604)	(80, 33.91068350005978)	(85, 33.83035435550464)	(90, 33.77770932529653)	(95, 33.67907757364029)	(100, 33.54783741929545)	(105, 33.394911677638696)	(110, 33.19196906381865)	(115, 32.95781905155845)	(120, 32.699584065674095)	(125, 32.37776607460696)	(130, 32.04887711649331)	(135, 31.730328088338915)	(140, 31.50671992951706)	(145, 30.368823888519167)																		
SRR26261235_1	(1, 36.15043360264119)	(2, 36.28361577819992)	(3, 36.32225064224104)	(4, 36.28165788317028)	(5, 36.32107852387543)	(6, 36.315421873161114)	(7, 36.3255850191133)	(8, 36.31637273351959)	(9, 36.30023019098995)	(10, 36.30041385866754)	(12, 36.28400291937481)	(14, 36.279075991687044)	(16, 36.27193490006569)	(18, 36.26405177654583)	(20, 36.2541519891665)	(22, 36.224789748326714)	(24, 36.197534059297325)	(26, 36.14881545359566)	(28, 36.1323900936147)	(30, 36.112780838754894)	(32, 36.10301222533454)	(34, 36.09337507247678)	(36, 36.06832608060205)	(38, 36.052213495694595)	(40, 36.034843384537936)	(42, 36.01034198662116)	(44, 35.97031956878643)	(46, 35.989133347711785)	(48, 35.919054354017575)	(50, 35.92183561604079)	(52, 35.86610799774084)	(54, 35.861523244625886)	(56, 35.8293869973602)	(58, 35.80785994181102)	(60, 35.80303608584147)	(62, 35.7687143350058)	(64, 35.76833920101483)	(66, 35.70660325425456)	(68, 35.71761150382346)	(70, 35.699521640429914)	(72, 35.6684202283881)	(74, 35.6704031333561)	(76, 35.65701166896146)	(78, 35.638706355055504)	(80, 35.62838872974342)	(82, 35.60950394853829)	(84, 35.5791692313921)	(86, 35.5440727155058)	(88, 35.50984632825897)	(90, 35.5096881833894)	(92, 35.49059387984182)	(94, 35.44314542603374)	(96, 35.43642288131203)	(98, 35.38873432907884)	(100, 35.23411186345068)
SRR26261235_2	(1, 35.72136726346292)	(2, 36.10154487505484)	(3, 36.123186979337355)	(4, 36.00756793494206)	(5, 36.01649844390818)	(6, 36.05573810195927)	(7, 36.04477759452241)	(8, 36.042538043540404)	(9, 36.039242463749844)	(10, 36.044507131196255)	(12, 36.04713450215123)	(14, 36.03825502371676)	(16, 36.024801562430284)	(18, 36.025284233122434)	(20, 35.989838347403605)	(22, 35.96543922173175)	(24, 35.9332803176944)	(26, 35.897725341581)	(28, 35.88637779856006)	(30, 35.86354336281339)	(32, 35.81715973202017)	(34, 35.78438208090108)	(36, 35.78397543559454)	(38, 35.78859812598028)	(40, 35.77634662000639)	(42, 35.731029350837034)	(44, 35.731797086556384)	(46, 35.67877337746667)	(48, 35.654209846898446)	(50, 35.64535133578262)	(52, 35.6242746552211)	(54, 35.599472157557905)	(56, 35.55878519639725)	(58, 35.534526023806265)	(60, 35.51008941339566)	(62, 35.48292326537599)	(64, 35.41682914830179)	(66, 35.38771578500902)	(68, 35.4149809470428)	(70, 35.34049990250951)	(72, 35.344853577671685)	(74, 35.256385642147364)	(76, 35.21224088353807)	(78, 35.272059135199775)	(80, 35.254347211495954)	(82, 35.22333787464337)	(84, 35.181716027505864)	(86, 35.20310306963657)	(88, 35.111256665533226)	(90, 35.14102887024799)	(92, 35.154389125015086)	(94, 35.02914659423016)	(96, 34.90228220363683)	(98, 34.840290455589056)	(100, 34.69002757820863)
SRR26261236_1	(1, 36.257681129544665)	(2, 36.28596880471251)	(3, 36.32672099750153)	(4, 36.27570622605163)	(5, 36.318218313776356)	(6, 36.3071289867236)	(7, 36.317031002085)	(8, 36.304562824485714)	(9, 36.29140427889152)	(10, 36.2926488563012)	(12, 36.27399483506845)	(14, 36.26458545645953)	(16, 36.2574302546805)	(18, 36.252614204071946)	(20, 36.246694023093056)	(22, 36.21310108024069)	(24, 36.183125304859544)	(26, 36.13117563081572)	(28, 36.118055625900254)	(30, 36.101828040770826)	(32, 36.09387396558482)	(34, 36.07862324340459)	(36, 36.05388731822016)	(38, 36.03801708004579)	(40, 36.029236995857424)	(42, 36.00753707798141)	(44, 35.96822634354655)	(46, 35.980518971589035)	(48, 35.925837271753224)	(50, 35.948189719365445)	(52, 35.89826301504857)	(54, 35.88571311642257)	(56, 35.8498347575331)	(58, 35.828665222244595)	(60, 35.82700098582805)	(62, 35.78974540304899)	(64, 35.8000513838747)	(66, 35.73479879843288)	(68, 35.74015791215919)	(70, 35.72214337043762)	(72, 35.703849320992724)	(74, 35.70202188282436)	(76, 35.681465319932734)	(78, 35.65596996777223)	(80, 35.646054717338416)	(82, 35.63099777066666)	(84, 35.60481711532946)	(86, 35.57212502618363)	(88, 35.53569737481969)	(90, 35.535342782090595)	(92, 35.520788416960386)	(94, 35.4773988587227)	(96, 35.472981413004426)	(98, 35.42686764801894)	(100, 35.273784330872076)
SRR26261236_2	(1, 35.93125511149218)	(2, 36.24963797640623)	(3, 36.27480254418019)	(4, 36.143639390562626)	(5, 36.179851768667795)	(6, 36.223517673738606)	(7, 36.21638345213721)	(8, 36.217310683564875)	(9, 36.22084603758568)	(10, 36.22489258703594)	(12, 36.22449061792335)	(14, 36.21519822922125)	(16, 36.200682164468176)	(18, 36.20775425886515)	(20, 36.17996975675046)	(22, 36.15478916270865)	(24, 36.12304264185059)	(26, 36.09542982598246)	(28, 36.08793611319639)	(30, 36.070848747448274)	(32, 36.03225202298821)	(34, 36.00376728202853)	(36, 35.99919210604088)	(38, 36.002725463709986)	(40, 35.99697414081274)	(42, 35.95885064413027)	(44, 35.961024005685616)	(46, 35.91396781481782)	(48, 35.89164370430896)	(50, 35.887640501569315)	(52, 35.87064537466382)	(54, 35.84833690224332)	(56, 35.80993718812088)	(58, 35.78835688498448)	(60, 35.768603557898004)	(62, 35.74787249907965)	(64, 35.6892001476413)	(66, 35.66313413464919)	(68, 35.68610815006147)	(70, 35.62495638526069)	(72, 35.62841811457004)	(74, 35.554836916180804)	(76, 35.516219747600516)	(78, 35.56515977357231)	(80, 35.55311075589195)	(82, 35.52896429051768)	(84, 35.49052731116343)	(86, 35.5119940255848)	(88, 35.430810553543225)	(90, 35.45712686837262)	(92, 35.46897935631854)	(94, 35.36191904409357)	(96, 35.25185466618744)	(98, 35.197695788681294)	(100, 35.055345227991126)
