Sample	0	1	2	3	4	5	6	7	8	9	10	11	12	13	14	15	16	17	18	19	20	21	22	23	24	25	26	27	28	29	30	31	32	33
SRR26260919_1	(2.0, 157704.0)	(3.0, 0.0)	(4.0, 0.0)	(5.0, 0.0)	(6.0, 0.0)	(7.0, 0.0)	(8.0, 0.0)	(9.0, 0.0)	(10.0, 0.0)	(11.0, 0.0)	(12.0, 0.0)	(13.0, 0.0)	(14.0, 1.0)	(15.0, 9.0)	(16.0, 42.0)	(17.0, 473.0)	(18.0, 3113.0)	(19.0, 11232.0)	(20.0, 20959.0)	(21.0, 29886.0)	(22.0, 44598.0)	(23.0, 65818.0)	(24.0, 96440.0)	(25.0, 142091.0)	(26.0, 201111.0)	(27.0, 274993.0)	(28.0, 364678.0)	(29.0, 472793.0)	(30.0, 609190.0)	(31.0, 809649.0)	(32.0, 1168877.0)	(33.0, 2023218.0)	(34.0, 4831901.0)	(35.0, 6393020.0)
SRR26260919_2	(2.0, 152070.0)	(3.0, 0.0)	(4.0, 0.0)	(5.0, 0.0)	(6.0, 0.0)	(7.0, 0.0)	(8.0, 0.0)	(9.0, 0.0)	(10.0, 0.0)	(11.0, 1.0)	(12.0, 0.0)	(13.0, 2.0)	(14.0, 574.0)	(15.0, 1890.0)	(16.0, 3321.0)	(17.0, 7255.0)	(18.0, 16837.0)	(19.0, 35431.0)	(20.0, 57772.0)	(21.0, 75842.0)	(22.0, 94736.0)	(23.0, 122134.0)	(24.0, 160577.0)	(25.0, 208416.0)	(26.0, 266094.0)	(27.0, 334655.0)	(28.0, 420650.0)	(29.0, 528625.0)	(30.0, 676576.0)	(31.0, 901966.0)	(32.0, 1325381.0)	(33.0, 2329033.0)	(34.0, 5193618.0)	(35.0, 4808340.0)
SRR26260920_1	(2.0, 1336143.0)	(3.0, 0.0)	(4.0, 0.0)	(5.0, 0.0)	(6.0, 0.0)	(7.0, 0.0)	(8.0, 0.0)	(9.0, 0.0)	(10.0, 0.0)	(11.0, 0.0)	(12.0, 0.0)	(13.0, 0.0)	(14.0, 1.0)	(15.0, 5.0)	(16.0, 42.0)	(17.0, 462.0)	(18.0, 3307.0)	(19.0, 10574.0)	(20.0, 19640.0)	(21.0, 28300.0)	(22.0, 41882.0)	(23.0, 63020.0)	(24.0, 93989.0)	(25.0, 135828.0)	(26.0, 190995.0)	(27.0, 259981.0)	(28.0, 342724.0)	(29.0, 442614.0)	(30.0, 569027.0)	(31.0, 754047.0)	(32.0, 1081033.0)	(33.0, 1848966.0)	(34.0, 4303396.0)	(35.0, 5511510.0)
SRR26260920_2	(2.0, 1307328.0)	(3.0, 0.0)	(4.0, 0.0)	(5.0, 0.0)	(6.0, 0.0)	(7.0, 0.0)	(8.0, 0.0)	(9.0, 0.0)	(10.0, 0.0)	(11.0, 0.0)	(12.0, 1.0)	(13.0, 1.0)	(14.0, 495.0)	(15.0, 1892.0)	(16.0, 3524.0)	(17.0, 7544.0)	(18.0, 18067.0)	(19.0, 37135.0)	(20.0, 58927.0)	(21.0, 76306.0)	(22.0, 94032.0)	(23.0, 118069.0)	(24.0, 152356.0)	(25.0, 194376.0)	(26.0, 246374.0)	(27.0, 309038.0)	(28.0, 386302.0)	(29.0, 483623.0)	(30.0, 616938.0)	(31.0, 818423.0)	(32.0, 1186367.0)	(33.0, 2040103.0)	(34.0, 4504221.0)	(35.0, 4376044.0)
SRR26260921_1	(2.0, 477635.0)	(3.0, 0.0)	(4.0, 0.0)	(5.0, 0.0)	(6.0, 0.0)	(7.0, 0.0)	(8.0, 0.0)	(9.0, 0.0)	(10.0, 0.0)	(11.0, 0.0)	(12.0, 0.0)	(13.0, 1.0)	(14.0, 2.0)	(15.0, 8.0)	(16.0, 61.0)	(17.0, 577.0)	(18.0, 4031.0)	(19.0, 13299.0)	(20.0, 22219.0)	(21.0, 30936.0)	(22.0, 44006.0)	(23.0, 64252.0)	(24.0, 93504.0)	(25.0, 134933.0)	(26.0, 188716.0)	(27.0, 254949.0)	(28.0, 337113.0)	(29.0, 435013.0)	(30.0, 565370.0)	(31.0, 752430.0)	(32.0, 1084434.0)	(33.0, 1849152.0)	(34.0, 4187762.0)	(35.0, 5597722.0)
SRR26260921_2	(2.0, 457134.0)	(3.0, 0.0)	(4.0, 0.0)	(5.0, 0.0)	(6.0, 0.0)	(7.0, 0.0)	(8.0, 0.0)	(9.0, 0.0)	(10.0, 0.0)	(11.0, 0.0)	(12.0, 4.0)	(13.0, 1.0)	(14.0, 537.0)	(15.0, 2015.0)	(16.0, 3552.0)	(17.0, 7641.0)	(18.0, 17173.0)	(19.0, 35012.0)	(20.0, 56006.0)	(21.0, 72894.0)	(22.0, 89237.0)	(23.0, 111725.0)	(24.0, 141975.0)	(25.0, 180635.0)	(26.0, 230196.0)	(27.0, 291010.0)	(28.0, 368571.0)	(29.0, 466362.0)	(30.0, 605268.0)	(31.0, 816625.0)	(32.0, 1207301.0)	(33.0, 2118145.0)	(34.0, 4594795.0)	(35.0, 4264311.0)
SRR26260922_1	(2.0, 72248.0)	(3.0, 0.0)	(4.0, 0.0)	(5.0, 0.0)	(6.0, 0.0)	(7.0, 0.0)	(8.0, 0.0)	(9.0, 0.0)	(10.0, 0.0)	(11.0, 0.0)	(12.0, 0.0)	(13.0, 0.0)	(14.0, 1.0)	(15.0, 12.0)	(16.0, 34.0)	(17.0, 412.0)	(18.0, 2394.0)	(19.0, 7381.0)	(20.0, 14696.0)	(21.0, 23565.0)	(22.0, 37924.0)	(23.0, 59439.0)	(24.0, 89951.0)	(25.0, 131254.0)	(26.0, 186730.0)	(27.0, 254727.0)	(28.0, 338985.0)	(29.0, 441560.0)	(30.0, 573047.0)	(31.0, 765127.0)	(32.0, 1106627.0)	(33.0, 1881543.0)	(34.0, 4300929.0)	(35.0, 6009830.0)
SRR26260922_2	(2.0, 69357.0)	(3.0, 0.0)	(4.0, 0.0)	(5.0, 0.0)	(6.0, 0.0)	(7.0, 0.0)	(8.0, 0.0)	(9.0, 0.0)	(10.0, 0.0)	(11.0, 0.0)	(12.0, 0.0)	(13.0, 1.0)	(14.0, 478.0)	(15.0, 2358.0)	(16.0, 4924.0)	(17.0, 9690.0)	(18.0, 18996.0)	(19.0, 36307.0)	(20.0, 57472.0)	(21.0, 77117.0)	(22.0, 98894.0)	(23.0, 127096.0)	(24.0, 164572.0)	(25.0, 210656.0)	(26.0, 267545.0)	(27.0, 336409.0)	(28.0, 418811.0)	(29.0, 523491.0)	(30.0, 663083.0)	(31.0, 881616.0)	(32.0, 1282135.0)	(33.0, 2191477.0)	(34.0, 4599943.0)	(35.0, 4255988.0)
SRR26260923_1	(2.0, 468717.0)	(3.0, 0.0)	(4.0, 0.0)	(5.0, 0.0)	(6.0, 0.0)	(7.0, 0.0)	(8.0, 0.0)	(9.0, 0.0)	(10.0, 0.0)	(11.0, 0.0)	(12.0, 0.0)	(13.0, 0.0)	(14.0, 1.0)	(15.0, 9.0)	(16.0, 41.0)	(17.0, 409.0)	(18.0, 2094.0)	(19.0, 6330.0)	(20.0, 12217.0)	(21.0, 20478.0)	(22.0, 32673.0)	(23.0, 51151.0)	(24.0, 77359.0)	(25.0, 111733.0)	(26.0, 156689.0)	(27.0, 212248.0)	(28.0, 279442.0)	(29.0, 359352.0)	(30.0, 466291.0)	(31.0, 618297.0)	(32.0, 887818.0)	(33.0, 1487254.0)	(34.0, 3157698.0)	(35.0, 3574987.0)
SRR26260923_2	(2.0, 458764.0)	(3.0, 0.0)	(4.0, 0.0)	(5.0, 0.0)	(6.0, 0.0)	(7.0, 0.0)	(8.0, 0.0)	(9.0, 0.0)	(10.0, 0.0)	(11.0, 0.0)	(12.0, 0.0)	(13.0, 0.0)	(14.0, 349.0)	(15.0, 1943.0)	(16.0, 3739.0)	(17.0, 6675.0)	(18.0, 13439.0)	(19.0, 25236.0)	(20.0, 38909.0)	(21.0, 49361.0)	(22.0, 57699.0)	(23.0, 69108.0)	(24.0, 85093.0)	(25.0, 107263.0)	(26.0, 136447.0)	(27.0, 175193.0)	(28.0, 226680.0)	(29.0, 295669.0)	(30.0, 393370.0)	(31.0, 545402.0)	(32.0, 823234.0)	(33.0, 1481923.0)	(34.0, 3391459.0)	(35.0, 3596333.0)
SRR26260924_1	(2.0, 47287.0)	(3.0, 0.0)	(4.0, 0.0)	(5.0, 0.0)	(6.0, 0.0)	(7.0, 0.0)	(8.0, 0.0)	(9.0, 0.0)	(10.0, 0.0)	(11.0, 0.0)	(12.0, 0.0)	(13.0, 0.0)	(14.0, 1.0)	(15.0, 10.0)	(16.0, 50.0)	(17.0, 609.0)	(18.0, 3435.0)	(19.0, 10117.0)	(20.0, 19188.0)	(21.0, 29693.0)	(22.0, 46218.0)	(23.0, 70220.0)	(24.0, 104469.0)	(25.0, 151694.0)	(26.0, 212480.0)	(27.0, 286554.0)	(28.0, 375879.0)	(29.0, 485216.0)	(30.0, 626374.0)	(31.0, 830150.0)	(32.0, 1180437.0)	(33.0, 1982544.0)	(34.0, 4521029.0)	(35.0, 6430812.0)
SRR26260924_2	(2.0, 42475.0)	(3.0, 0.0)	(4.0, 0.0)	(5.0, 0.0)	(6.0, 0.0)	(7.0, 0.0)	(8.0, 0.0)	(9.0, 0.0)	(10.0, 0.0)	(11.0, 2.0)	(12.0, 1.0)	(13.0, 0.0)	(14.0, 558.0)	(15.0, 2930.0)	(16.0, 6541.0)	(17.0, 13099.0)	(18.0, 25322.0)	(19.0, 46786.0)	(20.0, 73038.0)	(21.0, 96285.0)	(22.0, 120253.0)	(23.0, 150871.0)	(24.0, 191371.0)	(25.0, 240609.0)	(26.0, 300706.0)	(27.0, 373140.0)	(28.0, 463613.0)	(29.0, 574290.0)	(30.0, 725943.0)	(31.0, 955780.0)	(32.0, 1374142.0)	(33.0, 2305050.0)	(34.0, 4799033.0)	(35.0, 4532628.0)
SRR26260925_1	(2.0, 19985.0)	(3.0, 0.0)	(4.0, 0.0)	(5.0, 0.0)	(6.0, 0.0)	(7.0, 0.0)	(8.0, 0.0)	(9.0, 0.0)	(10.0, 0.0)	(11.0, 0.0)	(12.0, 0.0)	(13.0, 0.0)	(14.0, 0.0)	(15.0, 11.0)	(16.0, 39.0)	(17.0, 457.0)	(18.0, 2523.0)	(19.0, 7773.0)	(20.0, 15507.0)	(21.0, 25279.0)	(22.0, 40957.0)	(23.0, 64307.0)	(24.0, 95717.0)	(25.0, 140415.0)	(26.0, 197634.0)	(27.0, 267442.0)	(28.0, 353497.0)	(29.0, 456745.0)	(30.0, 592228.0)	(31.0, 790758.0)	(32.0, 1139042.0)	(33.0, 1926485.0)	(34.0, 4300412.0)	(35.0, 5616184.0)
SRR26260925_2	(2.0, 18468.0)	(3.0, 0.0)	(4.0, 0.0)	(5.0, 0.0)	(6.0, 0.0)	(7.0, 0.0)	(8.0, 0.0)	(9.0, 0.0)	(10.0, 0.0)	(11.0, 0.0)	(12.0, 1.0)	(13.0, 2.0)	(14.0, 463.0)	(15.0, 2427.0)	(16.0, 5291.0)	(17.0, 10545.0)	(18.0, 20489.0)	(19.0, 37175.0)	(20.0, 59172.0)	(21.0, 79575.0)	(22.0, 100889.0)	(23.0, 129013.0)	(24.0, 165329.0)	(25.0, 209748.0)	(26.0, 265417.0)	(27.0, 331881.0)	(28.0, 416426.0)	(29.0, 521581.0)	(30.0, 664358.0)	(31.0, 887246.0)	(32.0, 1294411.0)	(33.0, 2211182.0)	(34.0, 4560226.0)	(35.0, 4062082.0)
SRR26260926_1	(2.0, 165604.0)	(3.0, 0.0)	(4.0, 0.0)	(5.0, 0.0)	(6.0, 0.0)	(7.0, 0.0)	(8.0, 0.0)	(9.0, 0.0)	(10.0, 0.0)	(11.0, 0.0)	(12.0, 0.0)	(13.0, 1.0)	(14.0, 2.0)	(15.0, 10.0)	(16.0, 45.0)	(17.0, 492.0)	(18.0, 2818.0)	(19.0, 8413.0)	(20.0, 16296.0)	(21.0, 25991.0)	(22.0, 41016.0)	(23.0, 64345.0)	(24.0, 96789.0)	(25.0, 141016.0)	(26.0, 199460.0)	(27.0, 272476.0)	(28.0, 359462.0)	(29.0, 464203.0)	(30.0, 599966.0)	(31.0, 796546.0)	(32.0, 1140000.0)	(33.0, 1917176.0)	(34.0, 4326347.0)	(35.0, 5755917.0)
SRR26260926_2	(2.0, 160916.0)	(3.0, 0.0)	(4.0, 0.0)	(5.0, 0.0)	(6.0, 0.0)	(7.0, 0.0)	(8.0, 0.0)	(9.0, 0.0)	(10.0, 0.0)	(11.0, 0.0)	(12.0, 0.0)	(13.0, 3.0)	(14.0, 530.0)	(15.0, 2674.0)	(16.0, 5600.0)	(17.0, 10941.0)	(18.0, 21431.0)	(19.0, 39258.0)	(20.0, 61866.0)	(21.0, 82331.0)	(22.0, 103767.0)	(23.0, 131540.0)	(24.0, 169267.0)	(25.0, 215899.0)	(26.0, 272012.0)	(27.0, 341234.0)	(28.0, 425858.0)	(29.0, 531619.0)	(30.0, 678108.0)	(31.0, 898811.0)	(32.0, 1297536.0)	(33.0, 2206253.0)	(34.0, 4585213.0)	(35.0, 4151724.0)
SRR26260927_1	(2.0, 29079.0)	(3.0, 0.0)	(4.0, 0.0)	(5.0, 0.0)	(6.0, 0.0)	(7.0, 0.0)	(8.0, 0.0)	(9.0, 0.0)	(10.0, 0.0)	(11.0, 0.0)	(12.0, 0.0)	(13.0, 0.0)	(14.0, 0.0)	(15.0, 13.0)	(16.0, 50.0)	(17.0, 464.0)	(18.0, 2728.0)	(19.0, 8184.0)	(20.0, 16431.0)	(21.0, 26039.0)	(22.0, 41658.0)	(23.0, 64178.0)	(24.0, 97183.0)	(25.0, 141791.0)	(26.0, 199192.0)	(27.0, 272297.0)	(28.0, 358021.0)	(29.0, 464447.0)	(30.0, 599574.0)	(31.0, 794775.0)	(32.0, 1133728.0)	(33.0, 1912680.0)	(34.0, 4339091.0)	(35.0, 6198616.0)
SRR26260927_2	(2.0, 26968.0)	(3.0, 0.0)	(4.0, 0.0)	(5.0, 0.0)	(6.0, 0.0)	(7.0, 0.0)	(8.0, 0.0)	(9.0, 0.0)	(10.0, 0.0)	(11.0, 0.0)	(12.0, 1.0)	(13.0, 0.0)	(14.0, 488.0)	(15.0, 2783.0)	(16.0, 5567.0)	(17.0, 10596.0)	(18.0, 20538.0)	(19.0, 38540.0)	(20.0, 60649.0)	(21.0, 78843.0)	(22.0, 97839.0)	(23.0, 121850.0)	(24.0, 155334.0)	(25.0, 197260.0)	(26.0, 249779.0)	(27.0, 314766.0)	(28.0, 398332.0)	(29.0, 502161.0)	(30.0, 642459.0)	(31.0, 859900.0)	(32.0, 1250537.0)	(33.0, 2151530.0)	(34.0, 4694736.0)	(35.0, 4818763.0)
SRR26260934_1	(2.0, 60243.0)	(3.0, 0.0)	(4.0, 0.0)	(5.0, 0.0)	(6.0, 0.0)	(7.0, 0.0)	(8.0, 0.0)	(9.0, 0.0)	(10.0, 0.0)	(11.0, 0.0)	(12.0, 0.0)	(13.0, 0.0)	(14.0, 0.0)	(15.0, 0.0)	(16.0, 1.0)	(17.0, 18.0)	(18.0, 97.0)	(19.0, 695.0)	(20.0, 3051.0)	(21.0, 10164.0)	(22.0, 24963.0)	(23.0, 45204.0)	(24.0, 72108.0)	(25.0, 108296.0)	(26.0, 161649.0)	(27.0, 238903.0)	(28.0, 359481.0)	(29.0, 545137.0)	(30.0, 843075.0)	(31.0, 1389777.0)	(32.0, 3016185.0)	(33.0, 15040466.0)	(34.0, 965584.0)	
SRR26260934_2	(2.0, 59711.0)	(3.0, 3.0)	(4.0, 13.0)	(5.0, 23.0)	(6.0, 105.0)	(7.0, 275.0)	(8.0, 224.0)	(9.0, 282.0)	(10.0, 282.0)	(11.0, 308.0)	(12.0, 329.0)	(13.0, 337.0)	(14.0, 338.0)	(15.0, 360.0)	(16.0, 566.0)	(17.0, 1125.0)	(18.0, 3256.0)	(19.0, 9278.0)	(20.0, 22227.0)	(21.0, 43907.0)	(22.0, 70066.0)	(23.0, 91743.0)	(24.0, 118087.0)	(25.0, 157127.0)	(26.0, 218246.0)	(27.0, 302793.0)	(28.0, 431966.0)	(29.0, 624554.0)	(30.0, 952105.0)	(31.0, 1561327.0)	(32.0, 3463406.0)	(33.0, 14000681.0)	(34.0, 750047.0)	
SRR26260935_1	(2.0, 53166.0)	(3.0, 0.0)	(4.0, 0.0)	(5.0, 0.0)	(6.0, 0.0)	(7.0, 0.0)	(8.0, 0.0)	(9.0, 0.0)	(10.0, 0.0)	(11.0, 0.0)	(12.0, 0.0)	(13.0, 0.0)	(14.0, 0.0)	(15.0, 1.0)	(16.0, 1.0)	(17.0, 8.0)	(18.0, 41.0)	(19.0, 318.0)	(20.0, 1942.0)	(21.0, 7401.0)	(22.0, 19847.0)	(23.0, 36730.0)	(24.0, 61425.0)	(25.0, 98022.0)	(26.0, 157059.0)	(27.0, 247194.0)	(28.0, 390542.0)	(29.0, 598144.0)	(30.0, 936420.0)	(31.0, 1534919.0)	(32.0, 3339542.0)	(33.0, 17059737.0)	(34.0, 1093188.0)	
SRR26260935_2	(2.0, 53115.0)	(3.0, 64.0)	(4.0, 69.0)	(5.0, 24.0)	(6.0, 130.0)	(7.0, 327.0)	(8.0, 300.0)	(9.0, 332.0)	(10.0, 389.0)	(11.0, 388.0)	(12.0, 440.0)	(13.0, 391.0)	(14.0, 322.0)	(15.0, 385.0)	(16.0, 577.0)	(17.0, 1144.0)	(18.0, 3056.0)	(19.0, 8378.0)	(20.0, 19364.0)	(21.0, 36331.0)	(22.0, 58385.0)	(23.0, 80871.0)	(24.0, 109436.0)	(25.0, 152423.0)	(26.0, 219116.0)	(27.0, 316202.0)	(28.0, 461180.0)	(29.0, 678799.0)	(30.0, 1046061.0)	(31.0, 1737435.0)	(32.0, 3935464.0)	(33.0, 15899082.0)	(34.0, 815667.0)	
SRR26260936_1	(2.0, 49067.0)	(3.0, 0.0)	(4.0, 0.0)	(5.0, 0.0)	(6.0, 0.0)	(7.0, 0.0)	(8.0, 0.0)	(9.0, 0.0)	(10.0, 0.0)	(11.0, 0.0)	(12.0, 0.0)	(13.0, 0.0)	(14.0, 0.0)	(15.0, 1.0)	(16.0, 2.0)	(17.0, 14.0)	(18.0, 65.0)	(19.0, 491.0)	(20.0, 2501.0)	(21.0, 9036.0)	(22.0, 23816.0)	(23.0, 46495.0)	(24.0, 76409.0)	(25.0, 116589.0)	(26.0, 175630.0)	(27.0, 265112.0)	(28.0, 403831.0)	(29.0, 607679.0)	(30.0, 928244.0)	(31.0, 1509364.0)	(32.0, 3230473.0)	(33.0, 16353987.0)	(34.0, 972726.0)	
SRR26260936_2	(2.0, 48895.0)	(3.0, 2.0)	(4.0, 16.0)	(5.0, 20.0)	(6.0, 107.0)	(7.0, 294.0)	(8.0, 298.0)	(9.0, 347.0)	(10.0, 330.0)	(11.0, 320.0)	(12.0, 405.0)	(13.0, 360.0)	(14.0, 303.0)	(15.0, 365.0)	(16.0, 604.0)	(17.0, 1283.0)	(18.0, 3565.0)	(19.0, 10567.0)	(20.0, 24937.0)	(21.0, 48073.0)	(22.0, 78493.0)	(23.0, 106742.0)	(24.0, 140759.0)	(25.0, 184382.0)	(26.0, 251147.0)	(27.0, 345468.0)	(28.0, 491644.0)	(29.0, 710228.0)	(30.0, 1079188.0)	(31.0, 1766921.0)	(32.0, 3893256.0)	(33.0, 14943408.0)	(34.0, 638805.0)	
SRR26260937_1	(2.0, 40402.0)	(3.0, 0.0)	(4.0, 0.0)	(5.0, 0.0)	(6.0, 0.0)	(7.0, 0.0)	(8.0, 0.0)	(9.0, 0.0)	(10.0, 0.0)	(11.0, 0.0)	(12.0, 0.0)	(13.0, 0.0)	(14.0, 0.0)	(15.0, 0.0)	(16.0, 2.0)	(17.0, 4.0)	(18.0, 70.0)	(19.0, 436.0)	(20.0, 2434.0)	(21.0, 9196.0)	(22.0, 24411.0)	(23.0, 46674.0)	(24.0, 77323.0)	(25.0, 118299.0)	(26.0, 179020.0)	(27.0, 270046.0)	(28.0, 415848.0)	(29.0, 630954.0)	(30.0, 978875.0)	(31.0, 1597325.0)	(32.0, 3464410.0)	(33.0, 16928593.0)	(34.0, 951946.0)	
SRR26260937_2	(2.0, 40366.0)	(3.0, 2.0)	(4.0, 5.0)	(5.0, 19.0)	(6.0, 75.0)	(7.0, 268.0)	(8.0, 277.0)	(9.0, 341.0)	(10.0, 346.0)	(11.0, 360.0)	(12.0, 371.0)	(13.0, 304.0)	(14.0, 273.0)	(15.0, 362.0)	(16.0, 507.0)	(17.0, 1187.0)	(18.0, 3203.0)	(19.0, 9989.0)	(20.0, 24765.0)	(21.0, 49074.0)	(22.0, 79509.0)	(23.0, 106559.0)	(24.0, 137664.0)	(25.0, 179892.0)	(26.0, 242582.0)	(27.0, 336095.0)	(28.0, 479587.0)	(29.0, 697667.0)	(30.0, 1072066.0)	(31.0, 1778384.0)	(32.0, 3943093.0)	(33.0, 15800709.0)	(34.0, 750367.0)	
SRR26260938_1	(2.0, 28890.0)	(3.0, 0.0)	(4.0, 0.0)	(5.0, 0.0)	(6.0, 0.0)	(7.0, 0.0)	(8.0, 0.0)	(9.0, 0.0)	(10.0, 0.0)	(11.0, 0.0)	(12.0, 0.0)	(13.0, 0.0)	(14.0, 1.0)	(15.0, 0.0)	(16.0, 0.0)	(17.0, 6.0)	(18.0, 54.0)	(19.0, 410.0)	(20.0, 2053.0)	(21.0, 7778.0)	(22.0, 19902.0)	(23.0, 36223.0)	(24.0, 58360.0)	(25.0, 92028.0)	(26.0, 146635.0)	(27.0, 234493.0)	(28.0, 371268.0)	(29.0, 576526.0)	(30.0, 912835.0)	(31.0, 1517532.0)	(32.0, 3351498.0)	(33.0, 16553486.0)	(34.0, 956682.0)	
SRR26260938_2	(2.0, 28605.0)	(3.0, 0.0)	(4.0, 0.0)	(5.0, 10.0)	(6.0, 52.0)	(7.0, 224.0)	(8.0, 238.0)	(9.0, 299.0)	(10.0, 318.0)	(11.0, 337.0)	(12.0, 355.0)	(13.0, 342.0)	(14.0, 267.0)	(15.0, 309.0)	(16.0, 541.0)	(17.0, 1164.0)	(18.0, 3195.0)	(19.0, 8885.0)	(20.0, 19645.0)	(21.0, 35967.0)	(22.0, 56095.0)	(23.0, 75641.0)	(24.0, 101621.0)	(25.0, 142125.0)	(26.0, 207348.0)	(27.0, 301141.0)	(28.0, 444311.0)	(29.0, 658725.0)	(30.0, 1019367.0)	(31.0, 1715751.0)	(32.0, 3960416.0)	(33.0, 15390354.0)	(34.0, 693012.0)	
SRR26260939_1	(2.0, 72483.0)	(3.0, 0.0)	(4.0, 0.0)	(5.0, 0.0)	(6.0, 0.0)	(7.0, 0.0)	(8.0, 0.0)	(9.0, 0.0)	(10.0, 0.0)	(11.0, 0.0)	(12.0, 0.0)	(13.0, 0.0)	(14.0, 0.0)	(15.0, 1.0)	(16.0, 3.0)	(17.0, 7.0)	(18.0, 83.0)	(19.0, 410.0)	(20.0, 1869.0)	(21.0, 6340.0)	(22.0, 16644.0)	(23.0, 30695.0)	(24.0, 50473.0)	(25.0, 81000.0)	(26.0, 131365.0)	(27.0, 210156.0)	(28.0, 333701.0)	(29.0, 516887.0)	(30.0, 814204.0)	(31.0, 1332075.0)	(32.0, 2898752.0)	(33.0, 15135987.0)	(34.0, 1000721.0)	
SRR26260939_2	(2.0, 72041.0)	(3.0, 4.0)	(4.0, 16.0)	(5.0, 14.0)	(6.0, 97.0)	(7.0, 285.0)	(8.0, 282.0)	(9.0, 315.0)	(10.0, 275.0)	(11.0, 321.0)	(12.0, 322.0)	(13.0, 363.0)	(14.0, 263.0)	(15.0, 347.0)	(16.0, 549.0)	(17.0, 1081.0)	(18.0, 2808.0)	(19.0, 7669.0)	(20.0, 17087.0)	(21.0, 30585.0)	(22.0, 47472.0)	(23.0, 64817.0)	(24.0, 89527.0)	(25.0, 127363.0)	(26.0, 185564.0)	(27.0, 269303.0)	(28.0, 398238.0)	(29.0, 587550.0)	(30.0, 909611.0)	(31.0, 1513300.0)	(32.0, 3467034.0)	(33.0, 14143365.0)	(34.0, 695988.0)	
SRR26260940_1	(2.0, 272518.0)	(3.0, 0.0)	(4.0, 0.0)	(5.0, 0.0)	(6.0, 0.0)	(7.0, 0.0)	(8.0, 0.0)	(9.0, 0.0)	(10.0, 0.0)	(11.0, 0.0)	(12.0, 0.0)	(13.0, 0.0)	(14.0, 0.0)	(15.0, 0.0)	(16.0, 1.0)	(17.0, 10.0)	(18.0, 104.0)	(19.0, 614.0)	(20.0, 2859.0)	(21.0, 9680.0)	(22.0, 23760.0)	(23.0, 46044.0)	(24.0, 74964.0)	(25.0, 111863.0)	(26.0, 162448.0)	(27.0, 234650.0)	(28.0, 349216.0)	(29.0, 514163.0)	(30.0, 779275.0)	(31.0, 1262328.0)	(32.0, 2704603.0)	(33.0, 12696657.0)	(34.0, 780955.0)	
SRR26260940_2	(2.0, 272653.0)	(3.0, 5.0)	(4.0, 18.0)	(5.0, 20.0)	(6.0, 120.0)	(7.0, 252.0)	(8.0, 266.0)	(9.0, 285.0)	(10.0, 297.0)	(11.0, 293.0)	(12.0, 310.0)	(13.0, 312.0)	(14.0, 298.0)	(15.0, 330.0)	(16.0, 540.0)	(17.0, 1085.0)	(18.0, 2964.0)	(19.0, 8657.0)	(20.0, 21335.0)	(21.0, 41848.0)	(22.0, 69570.0)	(23.0, 95917.0)	(24.0, 124852.0)	(25.0, 160261.0)	(26.0, 210012.0)	(27.0, 280140.0)	(28.0, 393262.0)	(29.0, 563761.0)	(30.0, 844522.0)	(31.0, 1343887.0)	(32.0, 2900391.0)	(33.0, 12037204.0)	(34.0, 651045.0)	
SRR26260941_1	(2.0, 518252.0)	(3.0, 0.0)	(4.0, 0.0)	(5.0, 0.0)	(6.0, 0.0)	(7.0, 0.0)	(8.0, 0.0)	(9.0, 0.0)	(10.0, 0.0)	(11.0, 0.0)	(12.0, 0.0)	(13.0, 0.0)	(14.0, 0.0)	(15.0, 0.0)	(16.0, 4.0)	(17.0, 8.0)	(18.0, 45.0)	(19.0, 397.0)	(20.0, 1955.0)	(21.0, 7030.0)	(22.0, 17656.0)	(23.0, 34231.0)	(24.0, 57840.0)	(25.0, 89909.0)	(26.0, 138459.0)	(27.0, 213914.0)	(28.0, 332112.0)	(29.0, 510029.0)	(30.0, 788231.0)	(31.0, 1291873.0)	(32.0, 2789499.0)	(33.0, 14219462.0)	(34.0, 944972.0)	
SRR26260941_2	(2.0, 518085.0)	(3.0, 0.0)	(4.0, 4.0)	(5.0, 20.0)	(6.0, 61.0)	(7.0, 224.0)	(8.0, 270.0)	(9.0, 295.0)	(10.0, 273.0)	(11.0, 316.0)	(12.0, 336.0)	(13.0, 267.0)	(14.0, 214.0)	(15.0, 289.0)	(16.0, 451.0)	(17.0, 961.0)	(18.0, 2678.0)	(19.0, 7716.0)	(20.0, 18993.0)	(21.0, 37273.0)	(22.0, 61402.0)	(23.0, 82590.0)	(24.0, 108279.0)	(25.0, 143416.0)	(26.0, 198100.0)	(27.0, 275533.0)	(28.0, 395464.0)	(29.0, 575731.0)	(30.0, 879904.0)	(31.0, 1451970.0)	(32.0, 3234530.0)	(33.0, 13273744.0)	(34.0, 686489.0)	
SRR26260942_1	(2.0, 54762.0)	(3.0, 0.0)	(4.0, 0.0)	(5.0, 0.0)	(6.0, 0.0)	(7.0, 0.0)	(8.0, 0.0)	(9.0, 0.0)	(10.0, 0.0)	(11.0, 0.0)	(12.0, 0.0)	(13.0, 0.0)	(14.0, 1.0)	(15.0, 1.0)	(16.0, 5.0)	(17.0, 8.0)	(18.0, 88.0)	(19.0, 512.0)	(20.0, 2521.0)	(21.0, 8819.0)	(22.0, 22088.0)	(23.0, 41467.0)	(24.0, 68973.0)	(25.0, 105666.0)	(26.0, 162301.0)	(27.0, 249554.0)	(28.0, 389351.0)	(29.0, 597490.0)	(30.0, 931653.0)	(31.0, 1531765.0)	(32.0, 3328978.0)	(33.0, 17088675.0)	(34.0, 1055599.0)	
SRR26260942_2	(2.0, 55023.0)	(3.0, 0.0)	(4.0, 3.0)	(5.0, 13.0)	(6.0, 61.0)	(7.0, 210.0)	(8.0, 244.0)	(9.0, 347.0)	(10.0, 315.0)	(11.0, 383.0)	(12.0, 380.0)	(13.0, 337.0)	(14.0, 303.0)	(15.0, 370.0)	(16.0, 550.0)	(17.0, 1222.0)	(18.0, 3294.0)	(19.0, 9151.0)	(20.0, 21575.0)	(21.0, 40001.0)	(22.0, 63570.0)	(23.0, 86416.0)	(24.0, 114276.0)	(25.0, 156177.0)	(26.0, 222953.0)	(27.0, 317550.0)	(28.0, 459813.0)	(29.0, 675386.0)	(30.0, 1035149.0)	(31.0, 1713901.0)	(32.0, 3850848.0)	(33.0, 16031618.0)	(34.0, 778838.0)	
SRR26260943_1	(2.0, 158460.0)	(3.0, 0.0)	(4.0, 0.0)	(5.0, 0.0)	(6.0, 0.0)	(7.0, 0.0)	(8.0, 0.0)	(9.0, 0.0)	(10.0, 0.0)	(11.0, 0.0)	(12.0, 0.0)	(13.0, 0.0)	(14.0, 0.0)	(15.0, 0.0)	(16.0, 2.0)	(17.0, 7.0)	(18.0, 62.0)	(19.0, 498.0)	(20.0, 2604.0)	(21.0, 9340.0)	(22.0, 24028.0)	(23.0, 46476.0)	(24.0, 78869.0)	(25.0, 121487.0)	(26.0, 182795.0)	(27.0, 272337.0)	(28.0, 414746.0)	(29.0, 627171.0)	(30.0, 962079.0)	(31.0, 1563963.0)	(32.0, 3362302.0)	(33.0, 16704858.0)	(34.0, 1022593.0)	
SRR26260943_2	(2.0, 157571.0)	(3.0, 1.0)	(4.0, 13.0)	(5.0, 25.0)	(6.0, 99.0)	(7.0, 304.0)	(8.0, 287.0)	(9.0, 328.0)	(10.0, 330.0)	(11.0, 391.0)	(12.0, 371.0)	(13.0, 372.0)	(14.0, 320.0)	(15.0, 338.0)	(16.0, 587.0)	(17.0, 1230.0)	(18.0, 3361.0)	(19.0, 10026.0)	(20.0, 24468.0)	(21.0, 47766.0)	(22.0, 76721.0)	(23.0, 106004.0)	(24.0, 140985.0)	(25.0, 184068.0)	(26.0, 249624.0)	(27.0, 340682.0)	(28.0, 480542.0)	(29.0, 694514.0)	(30.0, 1063596.0)	(31.0, 1757787.0)	(32.0, 3914334.0)	(33.0, 15595783.0)	(34.0, 701849.0)	
SRR26260944_1	(2.0, 52632.0)	(3.0, 0.0)	(4.0, 0.0)	(5.0, 0.0)	(6.0, 0.0)	(7.0, 0.0)	(8.0, 0.0)	(9.0, 0.0)	(10.0, 0.0)	(11.0, 0.0)	(12.0, 0.0)	(13.0, 0.0)	(14.0, 0.0)	(15.0, 0.0)	(16.0, 0.0)	(17.0, 5.0)	(18.0, 62.0)	(19.0, 430.0)	(20.0, 2296.0)	(21.0, 8507.0)	(22.0, 21389.0)	(23.0, 39792.0)	(24.0, 65984.0)	(25.0, 105110.0)	(26.0, 170146.0)	(27.0, 271714.0)	(28.0, 432465.0)	(29.0, 665925.0)	(30.0, 1045084.0)	(31.0, 1718703.0)	(32.0, 3731423.0)	(33.0, 19591622.0)	(34.0, 1333996.0)	
SRR26260944_2	(2.0, 52396.0)	(3.0, 1.0)	(4.0, 9.0)	(5.0, 18.0)	(6.0, 81.0)	(7.0, 326.0)	(8.0, 375.0)	(9.0, 417.0)	(10.0, 370.0)	(11.0, 434.0)	(12.0, 459.0)	(13.0, 421.0)	(14.0, 347.0)	(15.0, 387.0)	(16.0, 619.0)	(17.0, 1322.0)	(18.0, 3504.0)	(19.0, 9587.0)	(20.0, 21449.0)	(21.0, 39146.0)	(22.0, 61022.0)	(23.0, 84079.0)	(24.0, 114811.0)	(25.0, 161127.0)	(26.0, 234362.0)	(27.0, 339903.0)	(28.0, 503879.0)	(29.0, 743408.0)	(30.0, 1156561.0)	(31.0, 1928788.0)	(32.0, 4399545.0)	(33.0, 18507601.0)	(34.0, 890531.0)	
SRR26260945_1	(2.0, 131014.0)	(3.0, 0.0)	(4.0, 0.0)	(5.0, 0.0)	(6.0, 0.0)	(7.0, 0.0)	(8.0, 0.0)	(9.0, 0.0)	(10.0, 0.0)	(11.0, 0.0)	(12.0, 0.0)	(13.0, 0.0)	(14.0, 1.0)	(15.0, 0.0)	(16.0, 2.0)	(17.0, 15.0)	(18.0, 79.0)	(19.0, 365.0)	(20.0, 1526.0)	(21.0, 5435.0)	(22.0, 13584.0)	(23.0, 24920.0)	(24.0, 40699.0)	(25.0, 64876.0)	(26.0, 106272.0)	(27.0, 170363.0)	(28.0, 269966.0)	(29.0, 418462.0)	(30.0, 659460.0)	(31.0, 1085172.0)	(32.0, 2359961.0)	(33.0, 11906890.0)	(34.0, 782873.0)	
SRR26260945_2	(2.0, 131498.0)	(3.0, 0.0)	(4.0, 1.0)	(5.0, 8.0)	(6.0, 52.0)	(7.0, 155.0)	(8.0, 198.0)	(9.0, 269.0)	(10.0, 273.0)	(11.0, 264.0)	(12.0, 295.0)	(13.0, 266.0)	(14.0, 258.0)	(15.0, 262.0)	(16.0, 412.0)	(17.0, 885.0)	(18.0, 2335.0)	(19.0, 6396.0)	(20.0, 13969.0)	(21.0, 24827.0)	(22.0, 37799.0)	(23.0, 50831.0)	(24.0, 68559.0)	(25.0, 95183.0)	(26.0, 137887.0)	(27.0, 201276.0)	(28.0, 298536.0)	(29.0, 444029.0)	(30.0, 692026.0)	(31.0, 1156463.0)	(32.0, 2645055.0)	(33.0, 11370699.0)	(34.0, 660969.0)	
SRR26260946_1	(2.0, 119842.0)	(3.0, 0.0)	(4.0, 0.0)	(5.0, 0.0)	(6.0, 0.0)	(7.0, 0.0)	(8.0, 0.0)	(9.0, 0.0)	(10.0, 0.0)	(11.0, 0.0)	(12.0, 0.0)	(13.0, 0.0)	(14.0, 0.0)	(15.0, 0.0)	(16.0, 1.0)	(17.0, 7.0)	(18.0, 63.0)	(19.0, 334.0)	(20.0, 1432.0)	(21.0, 4599.0)	(22.0, 11854.0)	(23.0, 23065.0)	(24.0, 38139.0)	(25.0, 59093.0)	(26.0, 90697.0)	(27.0, 138709.0)	(28.0, 215686.0)	(29.0, 330417.0)	(30.0, 519268.0)	(31.0, 850577.0)	(32.0, 1842456.0)	(33.0, 9267276.0)	(34.0, 568237.0)	
SRR26260946_2	(2.0, 119723.0)	(3.0, 1.0)	(4.0, 2.0)	(5.0, 12.0)	(6.0, 51.0)	(7.0, 158.0)	(8.0, 163.0)	(9.0, 163.0)	(10.0, 199.0)	(11.0, 199.0)	(12.0, 245.0)	(13.0, 237.0)	(14.0, 196.0)	(15.0, 216.0)	(16.0, 401.0)	(17.0, 729.0)	(18.0, 1812.0)	(19.0, 5071.0)	(20.0, 11705.0)	(21.0, 21872.0)	(22.0, 35774.0)	(23.0, 49476.0)	(24.0, 65520.0)	(25.0, 87917.0)	(26.0, 123475.0)	(27.0, 174248.0)	(28.0, 251839.0)	(29.0, 371731.0)	(30.0, 570995.0)	(31.0, 944768.0)	(32.0, 2106091.0)	(33.0, 8726133.0)	(34.0, 410630.0)	
SRR26260947_1	(2.0, 165242.0)	(3.0, 0.0)	(4.0, 0.0)	(5.0, 0.0)	(6.0, 0.0)	(7.0, 0.0)	(8.0, 0.0)	(9.0, 0.0)	(10.0, 0.0)	(11.0, 0.0)	(12.0, 0.0)	(13.0, 0.0)	(14.0, 0.0)	(15.0, 0.0)	(16.0, 2.0)	(17.0, 7.0)	(18.0, 57.0)	(19.0, 411.0)	(20.0, 2036.0)	(21.0, 6812.0)	(22.0, 17228.0)	(23.0, 32426.0)	(24.0, 54615.0)	(25.0, 84269.0)	(26.0, 127342.0)	(27.0, 192760.0)	(28.0, 296947.0)	(29.0, 453585.0)	(30.0, 693597.0)	(31.0, 1130432.0)	(32.0, 2440656.0)	(33.0, 12355586.0)	(34.0, 782067.0)	
SRR26260947_2	(2.0, 165415.0)	(3.0, 1.0)	(4.0, 4.0)	(5.0, 13.0)	(6.0, 66.0)	(7.0, 205.0)	(8.0, 203.0)	(9.0, 223.0)	(10.0, 240.0)	(11.0, 256.0)	(12.0, 256.0)	(13.0, 254.0)	(14.0, 235.0)	(15.0, 272.0)	(16.0, 463.0)	(17.0, 931.0)	(18.0, 2619.0)	(19.0, 7361.0)	(20.0, 17344.0)	(21.0, 33755.0)	(22.0, 55874.0)	(23.0, 77364.0)	(24.0, 101908.0)	(25.0, 133553.0)	(26.0, 181382.0)	(27.0, 250449.0)	(28.0, 355630.0)	(29.0, 517358.0)	(30.0, 789447.0)	(31.0, 1295333.0)	(32.0, 2900083.0)	(33.0, 11426040.0)	(34.0, 521540.0)	
SRR26260948_1	(2.0, 272898.0)	(3.0, 0.0)	(4.0, 0.0)	(5.0, 0.0)	(6.0, 0.0)	(7.0, 0.0)	(8.0, 0.0)	(9.0, 0.0)	(10.0, 0.0)	(11.0, 0.0)	(12.0, 0.0)	(13.0, 0.0)	(14.0, 1.0)	(15.0, 1.0)	(16.0, 7.0)	(17.0, 18.0)	(18.0, 121.0)	(19.0, 521.0)	(20.0, 2406.0)	(21.0, 7719.0)	(22.0, 18913.0)	(23.0, 34343.0)	(24.0, 55715.0)	(25.0, 87543.0)	(26.0, 140319.0)	(27.0, 222188.0)	(28.0, 352616.0)	(29.0, 545537.0)	(30.0, 854854.0)	(31.0, 1398713.0)	(32.0, 3044699.0)	(33.0, 15613539.0)	(34.0, 1009833.0)	
SRR26260948_2	(2.0, 272499.0)	(3.0, 0.0)	(4.0, 2.0)	(5.0, 14.0)	(6.0, 70.0)	(7.0, 214.0)	(8.0, 274.0)	(9.0, 293.0)	(10.0, 318.0)	(11.0, 317.0)	(12.0, 408.0)	(13.0, 349.0)	(14.0, 307.0)	(15.0, 411.0)	(16.0, 658.0)	(17.0, 1245.0)	(18.0, 3184.0)	(19.0, 8616.0)	(20.0, 18598.0)	(21.0, 31649.0)	(22.0, 48156.0)	(23.0, 65896.0)	(24.0, 90877.0)	(25.0, 128056.0)	(26.0, 185958.0)	(27.0, 271551.0)	(28.0, 401290.0)	(29.0, 590578.0)	(30.0, 914861.0)	(31.0, 1523459.0)	(32.0, 3452614.0)	(33.0, 14843729.0)	(34.0, 806053.0)	
SRR26260949_1	(2.0, 117000.0)	(3.0, 0.0)	(4.0, 0.0)	(5.0, 0.0)	(6.0, 0.0)	(7.0, 0.0)	(8.0, 0.0)	(9.0, 0.0)	(10.0, 0.0)	(11.0, 0.0)	(12.0, 0.0)	(13.0, 0.0)	(14.0, 0.0)	(15.0, 0.0)	(16.0, 0.0)	(17.0, 2.0)	(18.0, 55.0)	(19.0, 344.0)	(20.0, 1571.0)	(21.0, 5118.0)	(22.0, 12565.0)	(23.0, 23616.0)	(24.0, 37988.0)	(25.0, 57560.0)	(26.0, 86359.0)	(27.0, 132154.0)	(28.0, 205500.0)	(29.0, 312989.0)	(30.0, 486162.0)	(31.0, 796624.0)	(32.0, 1713082.0)	(33.0, 8815513.0)	(34.0, 616469.0)	
SRR26260949_2	(2.0, 116475.0)	(3.0, 0.0)	(4.0, 0.0)	(5.0, 12.0)	(6.0, 31.0)	(7.0, 95.0)	(8.0, 146.0)	(9.0, 162.0)	(10.0, 199.0)	(11.0, 174.0)	(12.0, 208.0)	(13.0, 215.0)	(14.0, 154.0)	(15.0, 202.0)	(16.0, 364.0)	(17.0, 730.0)	(18.0, 1873.0)	(19.0, 5580.0)	(20.0, 13776.0)	(21.0, 26288.0)	(22.0, 41902.0)	(23.0, 54329.0)	(24.0, 68990.0)	(25.0, 89237.0)	(26.0, 121524.0)	(27.0, 168177.0)	(28.0, 241531.0)	(29.0, 353508.0)	(30.0, 544748.0)	(31.0, 904817.0)	(32.0, 2035259.0)	(33.0, 8216909.0)	(34.0, 413056.0)	
SRR26260950_1	(2.0, 73605.0)	(3.0, 0.0)	(4.0, 0.0)	(5.0, 0.0)	(6.0, 0.0)	(7.0, 0.0)	(8.0, 0.0)	(9.0, 0.0)	(10.0, 0.0)	(11.0, 0.0)	(12.0, 0.0)	(13.0, 0.0)	(14.0, 0.0)	(15.0, 0.0)	(16.0, 2.0)	(17.0, 13.0)	(18.0, 79.0)	(19.0, 592.0)	(20.0, 2599.0)	(21.0, 8595.0)	(22.0, 21260.0)	(23.0, 39451.0)	(24.0, 65166.0)	(25.0, 99513.0)	(26.0, 149196.0)	(27.0, 226122.0)	(28.0, 347092.0)	(29.0, 526327.0)	(30.0, 815741.0)	(31.0, 1338818.0)	(32.0, 2892867.0)	(33.0, 14406575.0)	(34.0, 861604.0)	
SRR26260950_2	(2.0, 73575.0)	(3.0, 0.0)	(4.0, 3.0)	(5.0, 11.0)	(6.0, 55.0)	(7.0, 229.0)	(8.0, 262.0)	(9.0, 282.0)	(10.0, 291.0)	(11.0, 344.0)	(12.0, 338.0)	(13.0, 299.0)	(14.0, 251.0)	(15.0, 321.0)	(16.0, 533.0)	(17.0, 1243.0)	(18.0, 3258.0)	(19.0, 9152.0)	(20.0, 22091.0)	(21.0, 41650.0)	(22.0, 67524.0)	(23.0, 90807.0)	(24.0, 118748.0)	(25.0, 160406.0)	(26.0, 226509.0)	(27.0, 316561.0)	(28.0, 451745.0)	(29.0, 650828.0)	(30.0, 986547.0)	(31.0, 1621576.0)	(32.0, 3612992.0)	(33.0, 12885725.0)	(34.0, 531061.0)	
SRR26260951_1	(2.0, 72489.0)	(3.0, 0.0)	(4.0, 0.0)	(5.0, 0.0)	(6.0, 0.0)	(7.0, 0.0)	(8.0, 0.0)	(9.0, 0.0)	(10.0, 0.0)	(11.0, 0.0)	(12.0, 0.0)	(13.0, 0.0)	(14.0, 0.0)	(15.0, 0.0)	(16.0, 0.0)	(17.0, 3.0)	(18.0, 36.0)	(19.0, 292.0)	(20.0, 1424.0)	(21.0, 5092.0)	(22.0, 13699.0)	(23.0, 26614.0)	(24.0, 44509.0)	(25.0, 69238.0)	(26.0, 105848.0)	(27.0, 160502.0)	(28.0, 248043.0)	(29.0, 378018.0)	(30.0, 583507.0)	(31.0, 951115.0)	(32.0, 2051689.0)	(33.0, 10230526.0)	(34.0, 615556.0)	
SRR26260951_2	(2.0, 72171.0)	(3.0, 1.0)	(4.0, 3.0)	(5.0, 10.0)	(6.0, 50.0)	(7.0, 143.0)	(8.0, 161.0)	(9.0, 181.0)	(10.0, 192.0)	(11.0, 229.0)	(12.0, 202.0)	(13.0, 201.0)	(14.0, 162.0)	(15.0, 212.0)	(16.0, 321.0)	(17.0, 674.0)	(18.0, 1941.0)	(19.0, 5460.0)	(20.0, 13629.0)	(21.0, 26807.0)	(22.0, 43578.0)	(23.0, 59054.0)	(24.0, 78318.0)	(25.0, 104204.0)	(26.0, 143056.0)	(27.0, 198305.0)	(28.0, 283523.0)	(29.0, 415062.0)	(30.0, 635246.0)	(31.0, 1044076.0)	(32.0, 2307591.0)	(33.0, 9665308.0)	(34.0, 458129.0)	
SRR26260989_1	(2.0, 935.0)	(3.0, 0.0)	(4.0, 0.0)	(5.0, 0.0)	(6.0, 0.0)	(7.0, 0.0)	(8.0, 0.0)	(9.0, 8.0)	(10.0, 24.0)	(11.0, 31.0)	(12.0, 45.0)	(13.0, 65.0)	(14.0, 43.0)	(15.0, 70.0)	(16.0, 143.0)	(17.0, 677.0)	(18.0, 3302.0)	(19.0, 9958.0)	(20.0, 18455.0)	(21.0, 28753.0)	(22.0, 47949.0)	(23.0, 83395.0)	(24.0, 149020.0)	(25.0, 256038.0)	(26.0, 420996.0)	(27.0, 650691.0)	(28.0, 952026.0)	(29.0, 1333493.0)	(30.0, 1828150.0)	(31.0, 2535781.0)	(32.0, 3770198.0)	(33.0, 6485331.0)	(34.0, 14156718.0)	(35.0, 22008764.0)
SRR26260989_2	(2.0, 1918.0)	(3.0, 6222.0)	(4.0, 3068.0)	(5.0, 1551.0)	(6.0, 1293.0)	(7.0, 1194.0)	(8.0, 1201.0)	(9.0, 1320.0)	(10.0, 1282.0)	(11.0, 1321.0)	(12.0, 1293.0)	(13.0, 1343.0)	(14.0, 2177.0)	(15.0, 4537.0)	(16.0, 6690.0)	(17.0, 12389.0)	(18.0, 21510.0)	(19.0, 33144.0)	(20.0, 49286.0)	(21.0, 67580.0)	(22.0, 93754.0)	(23.0, 140772.0)	(24.0, 221186.0)	(25.0, 343603.0)	(26.0, 520525.0)	(27.0, 753367.0)	(28.0, 1051395.0)	(29.0, 1427882.0)	(30.0, 1927199.0)	(31.0, 2660125.0)	(32.0, 3927154.0)	(33.0, 6613491.0)	(34.0, 13202365.0)	(35.0, 21637922.0)
SRR26260990_1	(2.0, 4773.0)	(3.0, 0.0)	(4.0, 0.0)	(5.0, 0.0)	(6.0, 0.0)	(7.0, 0.0)	(8.0, 1.0)	(9.0, 9.0)	(10.0, 32.0)	(11.0, 48.0)	(12.0, 61.0)	(13.0, 67.0)	(14.0, 71.0)	(15.0, 92.0)	(16.0, 170.0)	(17.0, 706.0)	(18.0, 3248.0)	(19.0, 9748.0)	(20.0, 18331.0)	(21.0, 29937.0)	(22.0, 50416.0)	(23.0, 88486.0)	(24.0, 157469.0)	(25.0, 269904.0)	(26.0, 441908.0)	(27.0, 683234.0)	(28.0, 995235.0)	(29.0, 1389649.0)	(30.0, 1900814.0)	(31.0, 2634863.0)	(32.0, 3902721.0)	(33.0, 6706634.0)	(34.0, 14800084.0)	(35.0, 24288010.0)
SRR26260990_2	(2.0, 5620.0)	(3.0, 6817.0)	(4.0, 3282.0)	(5.0, 1657.0)	(6.0, 1320.0)	(7.0, 1305.0)	(8.0, 1297.0)	(9.0, 1368.0)	(10.0, 1385.0)	(11.0, 1354.0)	(12.0, 1294.0)	(13.0, 1415.0)	(14.0, 2296.0)	(15.0, 4924.0)	(16.0, 7405.0)	(17.0, 13856.0)	(18.0, 24058.0)	(19.0, 36995.0)	(20.0, 55014.0)	(21.0, 74522.0)	(22.0, 104255.0)	(23.0, 157897.0)	(24.0, 249286.0)	(25.0, 387247.0)	(26.0, 579730.0)	(27.0, 830225.0)	(28.0, 1147640.0)	(29.0, 1546958.0)	(30.0, 2076020.0)	(31.0, 2852175.0)	(32.0, 4199638.0)	(33.0, 7041156.0)	(34.0, 13961522.0)	(35.0, 22995788.0)
SRR26260991_1	(2.0, 1195.0)	(3.0, 0.0)	(4.0, 0.0)	(5.0, 0.0)	(6.0, 0.0)	(7.0, 0.0)	(8.0, 2.0)	(9.0, 8.0)	(10.0, 27.0)	(11.0, 38.0)	(12.0, 48.0)	(13.0, 72.0)	(14.0, 65.0)	(15.0, 71.0)	(16.0, 142.0)	(17.0, 650.0)	(18.0, 2793.0)	(19.0, 8454.0)	(20.0, 16053.0)	(21.0, 26581.0)	(22.0, 45635.0)	(23.0, 82425.0)	(24.0, 148612.0)	(25.0, 262106.0)	(26.0, 431145.0)	(27.0, 664638.0)	(28.0, 966693.0)	(29.0, 1348524.0)	(30.0, 1835500.0)	(31.0, 2548738.0)	(32.0, 3786205.0)	(33.0, 6535689.0)	(34.0, 14496801.0)	(35.0, 23458750.0)
SRR26260991_2	(2.0, 2281.0)	(3.0, 6570.0)	(4.0, 3191.0)	(5.0, 1602.0)	(6.0, 1359.0)	(7.0, 1284.0)	(8.0, 1272.0)	(9.0, 1396.0)	(10.0, 1326.0)	(11.0, 1350.0)	(12.0, 1358.0)	(13.0, 1394.0)	(14.0, 2165.0)	(15.0, 4672.0)	(16.0, 6510.0)	(17.0, 11587.0)	(18.0, 20227.0)	(19.0, 31853.0)	(20.0, 49205.0)	(21.0, 67802.0)	(22.0, 97171.0)	(23.0, 149481.0)	(24.0, 239102.0)	(25.0, 371550.0)	(26.0, 555442.0)	(27.0, 795427.0)	(28.0, 1094834.0)	(29.0, 1467028.0)	(30.0, 1959859.0)	(31.0, 2680223.0)	(32.0, 3933918.0)	(33.0, 6630008.0)	(34.0, 13467989.0)	(35.0, 23007224.0)
SRR26260992_1	(2.0, 748.0)	(3.0, 0.0)	(4.0, 0.0)	(5.0, 0.0)	(6.0, 0.0)	(7.0, 1.0)	(8.0, 0.0)	(9.0, 7.0)	(10.0, 26.0)	(11.0, 35.0)	(12.0, 65.0)	(13.0, 58.0)	(14.0, 63.0)	(15.0, 63.0)	(16.0, 121.0)	(17.0, 574.0)	(18.0, 2729.0)	(19.0, 8305.0)	(20.0, 15643.0)	(21.0, 25290.0)	(22.0, 42031.0)	(23.0, 74101.0)	(24.0, 129828.0)	(25.0, 225069.0)	(26.0, 372289.0)	(27.0, 582008.0)	(28.0, 863637.0)	(29.0, 1221291.0)	(30.0, 1695135.0)	(31.0, 2388155.0)	(32.0, 3586022.0)	(33.0, 6253457.0)	(34.0, 13818329.0)	(35.0, 21822605.0)
SRR26260992_2	(2.0, 1702.0)	(3.0, 5995.0)	(4.0, 2932.0)	(5.0, 1488.0)	(6.0, 1190.0)	(7.0, 1095.0)	(8.0, 1227.0)	(9.0, 1222.0)	(10.0, 1292.0)	(11.0, 1227.0)	(12.0, 1298.0)	(13.0, 1295.0)	(14.0, 2037.0)	(15.0, 4273.0)	(16.0, 6123.0)	(17.0, 10955.0)	(18.0, 19678.0)	(19.0, 31282.0)	(20.0, 45876.0)	(21.0, 62385.0)	(22.0, 84425.0)	(23.0, 125208.0)	(24.0, 195087.0)	(25.0, 305549.0)	(26.0, 465071.0)	(27.0, 678489.0)	(28.0, 956259.0)	(29.0, 1315058.0)	(30.0, 1794625.0)	(31.0, 2508445.0)	(32.0, 3755841.0)	(33.0, 6405816.0)	(34.0, 12916932.0)	(35.0, 21416308.0)
SRR26260993_1	(2.0, 1372.0)	(3.0, 0.0)	(4.0, 0.0)	(5.0, 0.0)	(6.0, 0.0)	(7.0, 0.0)	(8.0, 2.0)	(9.0, 9.0)	(10.0, 28.0)	(11.0, 36.0)	(12.0, 40.0)	(13.0, 58.0)	(14.0, 54.0)	(15.0, 72.0)	(16.0, 132.0)	(17.0, 539.0)	(18.0, 2568.0)	(19.0, 7610.0)	(20.0, 14413.0)	(21.0, 23383.0)	(22.0, 40599.0)	(23.0, 73167.0)	(24.0, 133187.0)	(25.0, 234692.0)	(26.0, 390838.0)	(27.0, 611313.0)	(28.0, 905647.0)	(29.0, 1275049.0)	(30.0, 1761096.0)	(31.0, 2454607.0)	(32.0, 3663937.0)	(33.0, 6333752.0)	(34.0, 13920467.0)	(35.0, 22410572.0)
SRR26260993_2	(2.0, 2325.0)	(3.0, 6082.0)	(4.0, 2921.0)	(5.0, 1540.0)	(6.0, 1232.0)	(7.0, 1193.0)	(8.0, 1169.0)	(9.0, 1339.0)	(10.0, 1270.0)	(11.0, 1214.0)	(12.0, 1267.0)	(13.0, 1320.0)	(14.0, 2228.0)	(15.0, 4516.0)	(16.0, 6385.0)	(17.0, 11739.0)	(18.0, 20553.0)	(19.0, 31800.0)	(20.0, 46984.0)	(21.0, 63002.0)	(22.0, 86423.0)	(23.0, 129890.0)	(24.0, 205868.0)	(25.0, 325731.0)	(26.0, 492728.0)	(27.0, 715542.0)	(28.0, 1002508.0)	(29.0, 1367267.0)	(30.0, 1849241.0)	(31.0, 2559566.0)	(32.0, 3783402.0)	(33.0, 6395160.0)	(34.0, 12961911.0)	(35.0, 22173923.0)
SRR26260994_1	(2.0, 2955.0)	(3.0, 0.0)	(4.0, 0.0)	(5.0, 0.0)	(6.0, 0.0)	(7.0, 0.0)	(8.0, 2.0)	(9.0, 6.0)	(10.0, 19.0)	(11.0, 29.0)	(12.0, 45.0)	(13.0, 44.0)	(14.0, 48.0)	(15.0, 49.0)	(16.0, 273.0)	(17.0, 2042.0)	(18.0, 8624.0)	(19.0, 24056.0)	(20.0, 43186.0)	(21.0, 64381.0)	(22.0, 97551.0)	(23.0, 148184.0)	(24.0, 227454.0)	(25.0, 341396.0)	(26.0, 496982.0)	(27.0, 699888.0)	(28.0, 951480.0)	(29.0, 1261868.0)	(30.0, 1666200.0)	(31.0, 2266625.0)	(32.0, 3292842.0)	(33.0, 5458441.0)	(34.0, 10927867.0)	(35.0, 15163911.0)
SRR26260994_2	(2.0, 3588.0)	(3.0, 5019.0)	(4.0, 2377.0)	(5.0, 1216.0)	(6.0, 1019.0)	(7.0, 972.0)	(8.0, 1034.0)	(9.0, 1046.0)	(10.0, 1074.0)	(11.0, 1088.0)	(12.0, 1095.0)	(13.0, 1075.0)	(14.0, 1634.0)	(15.0, 4167.0)	(16.0, 9521.0)	(17.0, 24570.0)	(18.0, 45877.0)	(19.0, 65304.0)	(20.0, 88287.0)	(21.0, 112811.0)	(22.0, 146112.0)	(23.0, 202828.0)	(24.0, 289001.0)	(25.0, 411053.0)	(26.0, 567628.0)	(27.0, 768914.0)	(28.0, 1011151.0)	(29.0, 1317038.0)	(30.0, 1721141.0)	(31.0, 2318514.0)	(32.0, 3345053.0)	(33.0, 5443410.0)	(34.0, 10182251.0)	(35.0, 15049580.0)
SRR26260995_1	(2.0, 2307.0)	(3.0, 0.0)	(4.0, 0.0)	(5.0, 0.0)	(6.0, 0.0)	(7.0, 0.0)	(8.0, 2.0)	(9.0, 4.0)	(10.0, 13.0)	(11.0, 24.0)	(12.0, 27.0)	(13.0, 38.0)	(14.0, 34.0)	(15.0, 44.0)	(16.0, 258.0)	(17.0, 1784.0)	(18.0, 7246.0)	(19.0, 20404.0)	(20.0, 36053.0)	(21.0, 52230.0)	(22.0, 76967.0)	(23.0, 114846.0)	(24.0, 170218.0)	(25.0, 251357.0)	(26.0, 358061.0)	(27.0, 496117.0)	(28.0, 665096.0)	(29.0, 874782.0)	(30.0, 1150295.0)	(31.0, 1557282.0)	(32.0, 2266160.0)	(33.0, 3747197.0)	(34.0, 7464322.0)	(35.0, 10700105.0)
SRR26260995_2	(2.0, 2765.0)	(3.0, 3355.0)	(4.0, 1639.0)	(5.0, 866.0)	(6.0, 744.0)	(7.0, 645.0)	(8.0, 697.0)	(9.0, 723.0)	(10.0, 732.0)	(11.0, 680.0)	(12.0, 758.0)	(13.0, 752.0)	(14.0, 1153.0)	(15.0, 3143.0)	(16.0, 8615.0)	(17.0, 24391.0)	(18.0, 42997.0)	(19.0, 59368.0)	(20.0, 80081.0)	(21.0, 102155.0)	(22.0, 129492.0)	(23.0, 166580.0)	(24.0, 223004.0)	(25.0, 297775.0)	(26.0, 400406.0)	(27.0, 530967.0)	(28.0, 691817.0)	(29.0, 895144.0)	(30.0, 1165168.0)	(31.0, 1571431.0)	(32.0, 2267351.0)	(33.0, 3694049.0)	(34.0, 6960884.0)	(35.0, 10682946.0)
SRR26260996_1	(2.0, 2785.0)	(3.0, 0.0)	(4.0, 0.0)	(5.0, 0.0)	(6.0, 0.0)	(7.0, 1.0)	(8.0, 3.0)	(9.0, 4.0)	(10.0, 33.0)	(11.0, 53.0)	(12.0, 57.0)	(13.0, 74.0)	(14.0, 67.0)	(15.0, 81.0)	(16.0, 451.0)	(17.0, 3477.0)	(18.0, 15241.0)	(19.0, 39588.0)	(20.0, 67255.0)	(21.0, 98301.0)	(22.0, 149100.0)	(23.0, 228633.0)	(24.0, 349846.0)	(25.0, 519570.0)	(26.0, 741393.0)	(27.0, 1022436.0)	(28.0, 1359731.0)	(29.0, 1771495.0)	(30.0, 2301654.0)	(31.0, 3087150.0)	(32.0, 4459221.0)	(33.0, 7312854.0)	(34.0, 14277590.0)	(35.0, 19042410.0)
SRR26260996_2	(2.0, 3555.0)	(3.0, 6248.0)	(4.0, 2990.0)	(5.0, 1589.0)	(6.0, 1317.0)	(7.0, 1265.0)	(8.0, 1331.0)	(9.0, 1370.0)	(10.0, 1363.0)	(11.0, 1329.0)	(12.0, 1379.0)	(13.0, 1442.0)	(14.0, 2232.0)	(15.0, 5672.0)	(16.0, 14666.0)	(17.0, 39574.0)	(18.0, 72926.0)	(19.0, 105363.0)	(20.0, 143331.0)	(21.0, 188200.0)	(22.0, 244347.0)	(23.0, 325525.0)	(24.0, 442047.0)	(25.0, 603612.0)	(26.0, 812969.0)	(27.0, 1073637.0)	(28.0, 1396358.0)	(29.0, 1789158.0)	(30.0, 2318740.0)	(31.0, 3104930.0)	(32.0, 4455732.0)	(33.0, 7188734.0)	(34.0, 13272015.0)	(35.0, 19225608.0)
SRR26260997_1	(2.0, 7483.0)	(3.0, 0.0)	(4.0, 0.0)	(5.0, 0.0)	(6.0, 0.0)	(7.0, 0.0)	(8.0, 1.0)	(9.0, 11.0)	(10.0, 18.0)	(11.0, 33.0)	(12.0, 32.0)	(13.0, 51.0)	(14.0, 42.0)	(15.0, 59.0)	(16.0, 227.0)	(17.0, 1616.0)	(18.0, 7828.0)	(19.0, 22577.0)	(20.0, 40990.0)	(21.0, 62288.0)	(22.0, 94076.0)	(23.0, 143483.0)	(24.0, 218515.0)	(25.0, 326169.0)	(26.0, 474011.0)	(27.0, 667758.0)	(28.0, 914030.0)	(29.0, 1220288.0)	(30.0, 1624447.0)	(31.0, 2230398.0)	(32.0, 3265353.0)	(33.0, 5414035.0)	(34.0, 10547384.0)	(35.0, 13423213.0)
SRR26260997_2	(2.0, 7620.0)	(3.0, 4540.0)	(4.0, 2246.0)	(5.0, 1126.0)	(6.0, 941.0)	(7.0, 936.0)	(8.0, 897.0)	(9.0, 935.0)	(10.0, 975.0)	(11.0, 967.0)	(12.0, 972.0)	(13.0, 1010.0)	(14.0, 1516.0)	(15.0, 3783.0)	(16.0, 8259.0)	(17.0, 20189.0)	(18.0, 40008.0)	(19.0, 61232.0)	(20.0, 83073.0)	(21.0, 107372.0)	(22.0, 138345.0)	(23.0, 183177.0)	(24.0, 252493.0)	(25.0, 352080.0)	(26.0, 488581.0)	(27.0, 669091.0)	(28.0, 900222.0)	(29.0, 1193040.0)	(30.0, 1592936.0)	(31.0, 2188177.0)	(32.0, 3210920.0)	(33.0, 5275402.0)	(34.0, 9844684.0)	(35.0, 14068671.0)
SRR26260998_1	(2.0, 3914.0)	(3.0, 0.0)	(4.0, 0.0)	(5.0, 0.0)	(6.0, 0.0)	(7.0, 0.0)	(8.0, 2.0)	(9.0, 8.0)	(10.0, 20.0)	(11.0, 33.0)	(12.0, 35.0)	(13.0, 49.0)	(14.0, 44.0)	(15.0, 49.0)	(16.0, 275.0)	(17.0, 1847.0)	(18.0, 8639.0)	(19.0, 24850.0)	(20.0, 44453.0)	(21.0, 66177.0)	(22.0, 98580.0)	(23.0, 150628.0)	(24.0, 227483.0)	(25.0, 338173.0)	(26.0, 484065.0)	(27.0, 670362.0)	(28.0, 897520.0)	(29.0, 1172868.0)	(30.0, 1531873.0)	(31.0, 2057560.0)	(32.0, 2967185.0)	(33.0, 4870715.0)	(34.0, 9579062.0)	(35.0, 13252330.0)
SRR26260998_2	(2.0, 4324.0)	(3.0, 4370.0)	(4.0, 2136.0)	(5.0, 1058.0)	(6.0, 873.0)	(7.0, 857.0)	(8.0, 859.0)	(9.0, 954.0)	(10.0, 899.0)	(11.0, 911.0)	(12.0, 922.0)	(13.0, 986.0)	(14.0, 1467.0)	(15.0, 3877.0)	(16.0, 10782.0)	(17.0, 29145.0)	(18.0, 51862.0)	(19.0, 73777.0)	(20.0, 99690.0)	(21.0, 129396.0)	(22.0, 165592.0)	(23.0, 214057.0)	(24.0, 283622.0)	(25.0, 385469.0)	(26.0, 519325.0)	(27.0, 690615.0)	(28.0, 903467.0)	(29.0, 1172140.0)	(30.0, 1523383.0)	(31.0, 2043291.0)	(32.0, 2934291.0)	(33.0, 4756399.0)	(34.0, 8935851.0)	(35.0, 13502152.0)
SRR26260999_1	(2.0, 6238.0)	(3.0, 0.0)	(4.0, 0.0)	(5.0, 0.0)	(6.0, 0.0)	(7.0, 0.0)	(8.0, 2.0)	(9.0, 13.0)	(10.0, 22.0)	(11.0, 33.0)	(12.0, 46.0)	(13.0, 59.0)	(14.0, 69.0)	(15.0, 91.0)	(16.0, 361.0)	(17.0, 2379.0)	(18.0, 10588.0)	(19.0, 29860.0)	(20.0, 54214.0)	(21.0, 82942.0)	(22.0, 125083.0)	(23.0, 189964.0)	(24.0, 288341.0)	(25.0, 425826.0)	(26.0, 610611.0)	(27.0, 846410.0)	(28.0, 1139902.0)	(29.0, 1499784.0)	(30.0, 1972869.0)	(31.0, 2668784.0)	(32.0, 3883232.0)	(33.0, 6422346.0)	(34.0, 12650447.0)	(35.0, 17454235.0)
SRR26260999_2	(2.0, 6801.0)	(3.0, 5748.0)	(4.0, 2739.0)	(5.0, 1452.0)	(6.0, 1160.0)	(7.0, 1109.0)	(8.0, 1150.0)	(9.0, 1174.0)	(10.0, 1206.0)	(11.0, 1218.0)	(12.0, 1229.0)	(13.0, 1249.0)	(14.0, 1941.0)	(15.0, 5199.0)	(16.0, 13076.0)	(17.0, 34231.0)	(18.0, 63048.0)	(19.0, 91392.0)	(20.0, 125950.0)	(21.0, 164748.0)	(22.0, 211330.0)	(23.0, 277904.0)	(24.0, 372663.0)	(25.0, 504438.0)	(26.0, 678986.0)	(27.0, 903974.0)	(28.0, 1185009.0)	(29.0, 1539929.0)	(30.0, 2018862.0)	(31.0, 2720486.0)	(32.0, 3931268.0)	(33.0, 6383841.0)	(34.0, 11832070.0)	(35.0, 17278171.0)
SRR26261000_1	(2.0, 12402.0)	(3.0, 0.0)	(4.0, 0.0)	(5.0, 0.0)	(6.0, 0.0)	(7.0, 0.0)	(8.0, 3.0)	(9.0, 12.0)	(10.0, 20.0)	(11.0, 41.0)	(12.0, 36.0)	(13.0, 47.0)	(14.0, 53.0)	(15.0, 58.0)	(16.0, 339.0)	(17.0, 2230.0)	(18.0, 9607.0)	(19.0, 26242.0)	(20.0, 45315.0)	(21.0, 66457.0)	(22.0, 99551.0)	(23.0, 150981.0)	(24.0, 227001.0)	(25.0, 335995.0)	(26.0, 480220.0)	(27.0, 663022.0)	(28.0, 888505.0)	(29.0, 1165450.0)	(30.0, 1526640.0)	(31.0, 2057708.0)	(32.0, 2984849.0)	(33.0, 4921713.0)	(34.0, 9702910.0)	(35.0, 13537841.0)
SRR26261000_2	(2.0, 12358.0)	(3.0, 4466.0)	(4.0, 2152.0)	(5.0, 1082.0)	(6.0, 924.0)	(7.0, 909.0)	(8.0, 897.0)	(9.0, 982.0)	(10.0, 960.0)	(11.0, 925.0)	(12.0, 982.0)	(13.0, 1016.0)	(14.0, 1480.0)	(15.0, 3929.0)	(16.0, 10649.0)	(17.0, 27752.0)	(18.0, 49115.0)	(19.0, 71078.0)	(20.0, 96625.0)	(21.0, 127024.0)	(22.0, 166120.0)	(23.0, 227139.0)	(24.0, 312503.0)	(25.0, 431632.0)	(26.0, 581248.0)	(27.0, 765413.0)	(28.0, 987511.0)	(29.0, 1262897.0)	(30.0, 1624516.0)	(31.0, 2168482.0)	(32.0, 3102292.0)	(33.0, 4967288.0)	(34.0, 9029126.0)	(35.0, 12863776.0)
SRR26261001_1	(2.0, 2451.0)	(3.0, 0.0)	(4.0, 0.0)	(5.0, 0.0)	(6.0, 0.0)	(7.0, 0.0)	(8.0, 2.0)	(9.0, 5.0)	(10.0, 17.0)	(11.0, 22.0)	(12.0, 42.0)	(13.0, 45.0)	(14.0, 35.0)	(15.0, 61.0)	(16.0, 307.0)	(17.0, 2334.0)	(18.0, 9680.0)	(19.0, 26634.0)	(20.0, 47815.0)	(21.0, 71322.0)	(22.0, 108469.0)	(23.0, 166659.0)	(24.0, 253449.0)	(25.0, 374080.0)	(26.0, 530189.0)	(27.0, 722140.0)	(28.0, 956094.0)	(29.0, 1232553.0)	(30.0, 1590061.0)	(31.0, 2130194.0)	(32.0, 3066746.0)	(33.0, 5052668.0)	(34.0, 9983743.0)	(35.0, 13985006.0)
SRR26261001_2	(2.0, 3099.0)	(3.0, 4577.0)	(4.0, 2176.0)	(5.0, 1184.0)	(6.0, 918.0)	(7.0, 945.0)	(8.0, 931.0)	(9.0, 938.0)	(10.0, 991.0)	(11.0, 977.0)	(12.0, 1013.0)	(13.0, 1036.0)	(14.0, 1516.0)	(15.0, 4067.0)	(16.0, 11348.0)	(17.0, 31658.0)	(18.0, 56446.0)	(19.0, 78856.0)	(20.0, 107415.0)	(21.0, 141054.0)	(22.0, 186791.0)	(23.0, 250375.0)	(24.0, 338100.0)	(25.0, 455393.0)	(26.0, 602475.0)	(27.0, 781925.0)	(28.0, 1000418.0)	(29.0, 1269465.0)	(30.0, 1623239.0)	(31.0, 2159904.0)	(32.0, 3088785.0)	(33.0, 4994533.0)	(34.0, 9296039.0)	(35.0, 13814236.0)
SRR26261002_1	(2.0, 6493.0)	(3.0, 0.0)	(4.0, 0.0)	(5.0, 0.0)	(6.0, 0.0)	(7.0, 0.0)	(8.0, 1.0)	(9.0, 8.0)	(10.0, 13.0)	(11.0, 23.0)	(12.0, 28.0)	(13.0, 31.0)	(14.0, 37.0)	(15.0, 46.0)	(16.0, 225.0)	(17.0, 1652.0)	(18.0, 7163.0)	(19.0, 20174.0)	(20.0, 35425.0)	(21.0, 50585.0)	(22.0, 74950.0)	(23.0, 112264.0)	(24.0, 169039.0)	(25.0, 253413.0)	(26.0, 361495.0)	(27.0, 500991.0)	(28.0, 673070.0)	(29.0, 884337.0)	(30.0, 1151188.0)	(31.0, 1551676.0)	(32.0, 2236715.0)	(33.0, 3692831.0)	(34.0, 7372202.0)	(35.0, 10344793.0)
SRR26261002_2	(2.0, 6591.0)	(3.0, 3428.0)	(4.0, 1618.0)	(5.0, 823.0)	(6.0, 710.0)	(7.0, 647.0)	(8.0, 692.0)	(9.0, 690.0)	(10.0, 745.0)	(11.0, 719.0)	(12.0, 697.0)	(13.0, 799.0)	(14.0, 1129.0)	(15.0, 3051.0)	(16.0, 8256.0)	(17.0, 22135.0)	(18.0, 40179.0)	(19.0, 56320.0)	(20.0, 74950.0)	(21.0, 96576.0)	(22.0, 123516.0)	(23.0, 163231.0)	(24.0, 221448.0)	(25.0, 301485.0)	(26.0, 408705.0)	(27.0, 544296.0)	(28.0, 708361.0)	(29.0, 916994.0)	(30.0, 1190571.0)	(31.0, 1593922.0)	(32.0, 2290003.0)	(33.0, 3702160.0)	(34.0, 6868422.0)	(35.0, 10146999.0)
SRR26261003_1	(2.0, 10414.0)	(3.0, 0.0)	(4.0, 0.0)	(5.0, 0.0)	(6.0, 0.0)	(7.0, 0.0)	(8.0, 0.0)	(9.0, 4.0)	(10.0, 22.0)	(11.0, 35.0)	(12.0, 44.0)	(13.0, 47.0)	(14.0, 58.0)	(15.0, 70.0)	(16.0, 292.0)	(17.0, 2002.0)	(18.0, 8470.0)	(19.0, 24010.0)	(20.0, 43314.0)	(21.0, 64608.0)	(22.0, 96399.0)	(23.0, 145311.0)	(24.0, 218790.0)	(25.0, 323391.0)	(26.0, 464731.0)	(27.0, 647076.0)	(28.0, 871728.0)	(29.0, 1149366.0)	(30.0, 1517067.0)	(31.0, 2056077.0)	(32.0, 2991493.0)	(33.0, 4958981.0)	(34.0, 9916422.0)	(35.0, 14157071.0)
SRR26261003_2	(2.0, 10661.0)	(3.0, 4568.0)	(4.0, 2234.0)	(5.0, 1211.0)	(6.0, 947.0)	(7.0, 930.0)	(8.0, 912.0)	(9.0, 933.0)	(10.0, 925.0)	(11.0, 971.0)	(12.0, 978.0)	(13.0, 1028.0)	(14.0, 1552.0)	(15.0, 4158.0)	(16.0, 11102.0)	(17.0, 28996.0)	(18.0, 51268.0)	(19.0, 71244.0)	(20.0, 94853.0)	(21.0, 119432.0)	(22.0, 150484.0)	(23.0, 200385.0)	(24.0, 275068.0)	(25.0, 380762.0)	(26.0, 519905.0)	(27.0, 698378.0)	(28.0, 915826.0)	(29.0, 1192181.0)	(30.0, 1555348.0)	(31.0, 2101443.0)	(32.0, 3041076.0)	(33.0, 4953923.0)	(34.0, 9288138.0)	(35.0, 13985473.0)
SRR26261004_1	(2.0, 1068.0)	(3.0, 0.0)	(4.0, 0.0)	(5.0, 0.0)	(6.0, 0.0)	(7.0, 0.0)	(8.0, 0.0)	(9.0, 4.0)	(10.0, 9.0)	(11.0, 24.0)	(12.0, 25.0)	(13.0, 36.0)	(14.0, 30.0)	(15.0, 31.0)	(16.0, 140.0)	(17.0, 1319.0)	(18.0, 6480.0)	(19.0, 18050.0)	(20.0, 32253.0)	(21.0, 47625.0)	(22.0, 70425.0)	(23.0, 106377.0)	(24.0, 162006.0)	(25.0, 239277.0)	(26.0, 347416.0)	(27.0, 489941.0)	(28.0, 668682.0)	(29.0, 890294.0)	(30.0, 1179266.0)	(31.0, 1606338.0)	(32.0, 2337759.0)	(33.0, 3853370.0)	(34.0, 7551798.0)	(35.0, 10226943.0)
SRR26261004_2	(2.0, 1446.0)	(3.0, 3249.0)	(4.0, 1678.0)	(5.0, 843.0)	(6.0, 670.0)	(7.0, 639.0)	(8.0, 672.0)	(9.0, 708.0)	(10.0, 731.0)	(11.0, 646.0)	(12.0, 698.0)	(13.0, 768.0)	(14.0, 1120.0)	(15.0, 2875.0)	(16.0, 6917.0)	(17.0, 17907.0)	(18.0, 33973.0)	(19.0, 51436.0)	(20.0, 68846.0)	(21.0, 89058.0)	(22.0, 114935.0)	(23.0, 149963.0)	(24.0, 200815.0)	(25.0, 276559.0)	(26.0, 378511.0)	(27.0, 511493.0)	(28.0, 680493.0)	(29.0, 893288.0)	(30.0, 1177154.0)	(31.0, 1595882.0)	(32.0, 2314507.0)	(33.0, 3764544.0)	(34.0, 7048729.0)	(35.0, 10445233.0)
SRR26261005_1	(2.0, 3532.0)	(3.0, 0.0)	(4.0, 0.0)	(5.0, 0.0)	(6.0, 0.0)	(7.0, 0.0)	(8.0, 0.0)	(9.0, 3.0)	(10.0, 17.0)	(11.0, 26.0)	(12.0, 40.0)	(13.0, 39.0)	(14.0, 46.0)	(15.0, 45.0)	(16.0, 211.0)	(17.0, 1797.0)	(18.0, 8042.0)	(19.0, 22047.0)	(20.0, 39468.0)	(21.0, 58170.0)	(22.0, 87132.0)	(23.0, 131331.0)	(24.0, 198873.0)	(25.0, 295286.0)	(26.0, 423812.0)	(27.0, 594186.0)	(28.0, 804924.0)	(29.0, 1065314.0)	(30.0, 1402603.0)	(31.0, 1902524.0)	(32.0, 2768979.0)	(33.0, 4569087.0)	(34.0, 8904227.0)	(35.0, 11729252.0)
SRR26261005_2	(2.0, 3879.0)	(3.0, 3955.0)	(4.0, 1855.0)	(5.0, 964.0)	(6.0, 853.0)	(7.0, 734.0)	(8.0, 779.0)	(9.0, 770.0)	(10.0, 830.0)	(11.0, 791.0)	(12.0, 843.0)	(13.0, 891.0)	(14.0, 1296.0)	(15.0, 3329.0)	(16.0, 8630.0)	(17.0, 23799.0)	(18.0, 43891.0)	(19.0, 63462.0)	(20.0, 86772.0)	(21.0, 113159.0)	(22.0, 145069.0)	(23.0, 188340.0)	(24.0, 249560.0)	(25.0, 340366.0)	(26.0, 460767.0)	(27.0, 621342.0)	(28.0, 819004.0)	(29.0, 1071428.0)	(30.0, 1409604.0)	(31.0, 1910710.0)	(32.0, 2767983.0)	(33.0, 4497760.0)	(34.0, 8326955.0)	(35.0, 11840643.0)
SRR26261006_1	(2.0, 737.0)	(3.0, 0.0)	(4.0, 0.0)	(5.0, 0.0)	(6.0, 0.0)	(7.0, 0.0)	(8.0, 1.0)	(9.0, 8.0)	(10.0, 26.0)	(11.0, 45.0)	(12.0, 57.0)	(13.0, 63.0)	(14.0, 63.0)	(15.0, 85.0)	(16.0, 150.0)	(17.0, 690.0)	(18.0, 3305.0)	(19.0, 9700.0)	(20.0, 18693.0)	(21.0, 30266.0)	(22.0, 50079.0)	(23.0, 86531.0)	(24.0, 152561.0)	(25.0, 263227.0)	(26.0, 430945.0)	(27.0, 670316.0)	(28.0, 988851.0)	(29.0, 1387650.0)	(30.0, 1910098.0)	(31.0, 2670046.0)	(32.0, 3991329.0)	(33.0, 6902635.0)	(34.0, 15066288.0)	(35.0, 23100941.0)
SRR26261006_2	(2.0, 1789.0)	(3.0, 6407.0)	(4.0, 3197.0)	(5.0, 1649.0)	(6.0, 1345.0)	(7.0, 1276.0)	(8.0, 1289.0)	(9.0, 1390.0)	(10.0, 1323.0)	(11.0, 1270.0)	(12.0, 1363.0)	(13.0, 1388.0)	(14.0, 2288.0)	(15.0, 4721.0)	(16.0, 6833.0)	(17.0, 12772.0)	(18.0, 23273.0)	(19.0, 37001.0)	(20.0, 54314.0)	(21.0, 72273.0)	(22.0, 97854.0)	(23.0, 142757.0)	(24.0, 222192.0)	(25.0, 344105.0)	(26.0, 519580.0)	(27.0, 755725.0)	(28.0, 1061867.0)	(29.0, 1450251.0)	(30.0, 1976073.0)	(31.0, 2747292.0)	(32.0, 4083395.0)	(33.0, 6937524.0)	(34.0, 14021786.0)	(35.0, 23137824.0)
SRR26261235_1	(13.0, 1.0)	(14.0, 3.0)	(15.0, 15.0)	(16.0, 80.0)	(17.0, 300.0)	(18.0, 750.0)	(19.0, 1440.0)	(20.0, 2413.0)	(21.0, 4668.0)	(22.0, 8262.0)	(23.0, 16117.0)	(24.0, 29364.0)	(25.0, 54133.0)	(26.0, 87921.0)	(27.0, 142152.0)	(28.0, 211987.0)	(29.0, 314755.0)	(30.0, 436993.0)	(31.0, 550812.0)	(32.0, 692350.0)	(33.0, 970743.0)	(34.0, 1468687.0)	(35.0, 3408776.0)	(36.0, 20139850.0)	(37.0, 4604251.0)									
SRR26261235_2	(11.0, 66.0)	(12.0, 1097.0)	(13.0, 5391.0)	(14.0, 11481.0)	(15.0, 15999.0)	(16.0, 18268.0)	(17.0, 20745.0)	(18.0, 20823.0)	(19.0, 22100.0)	(20.0, 23372.0)	(21.0, 28716.0)	(22.0, 39407.0)	(23.0, 56418.0)	(24.0, 76830.0)	(25.0, 101271.0)	(26.0, 126520.0)	(27.0, 163801.0)	(28.0, 208510.0)	(29.0, 277973.0)	(30.0, 359707.0)	(31.0, 503908.0)	(32.0, 710647.0)	(33.0, 1156307.0)	(34.0, 2122260.0)	(35.0, 5515630.0)	(36.0, 18262077.0)	(37.0, 3297499.0)							
SRR26261236_1	(15.0, 9.0)	(16.0, 45.0)	(17.0, 191.0)	(18.0, 473.0)	(19.0, 970.0)	(20.0, 1726.0)	(21.0, 3194.0)	(22.0, 5897.0)	(23.0, 11664.0)	(24.0, 22505.0)	(25.0, 42520.0)	(26.0, 71051.0)	(27.0, 118254.0)	(28.0, 177025.0)	(29.0, 256697.0)	(30.0, 342083.0)	(31.0, 465414.0)	(32.0, 585955.0)	(33.0, 791551.0)	(34.0, 1174161.0)	(35.0, 2657181.0)	(36.0, 16422642.0)	(37.0, 3898134.0)											
SRR26261236_2	(11.0, 41.0)	(12.0, 641.0)	(13.0, 3507.0)	(14.0, 7889.0)	(15.0, 11017.0)	(16.0, 13090.0)	(17.0, 14216.0)	(18.0, 14200.0)	(19.0, 14224.0)	(20.0, 14673.0)	(21.0, 17868.0)	(22.0, 24496.0)	(23.0, 35748.0)	(24.0, 47077.0)	(25.0, 63173.0)	(26.0, 79285.0)	(27.0, 104085.0)	(28.0, 133177.0)	(29.0, 178305.0)	(30.0, 231191.0)	(31.0, 324357.0)	(32.0, 451993.0)	(33.0, 725237.0)	(34.0, 1326644.0)	(35.0, 3712051.0)	(36.0, 15942490.0)	(37.0, 3558667.0)							
