Sample	0	1	2	3	4	5	6	7	8	9	10	11	12	13	14	15	16	17	18	19	20	21	22	23
SRR26260919_1	(35, 158638.0)	(40, 1814.0)	(45, 4256.0)	(50, 9500.0)	(55, 16664.0)	(60, 30447.0)	(65, 49706.0)	(70, 76127.0)	(75, 123087.0)	(80, 174696.0)	(85, 265351.0)	(90, 339621.0)	(95, 477902.0)	(100, 564295.0)	(105, 719061.0)	(110, 754061.0)	(115, 857416.0)	(120, 827804.0)	(125, 841965.0)	(130, 775981.0)	(135, 754645.0)	(140, 708143.0)	(145, 9190616.0)	
SRR26260919_2	(35, 154271.0)	(40, 1774.0)	(45, 4187.0)	(50, 9395.0)	(55, 16465.0)	(60, 30141.0)	(65, 49206.0)	(70, 75346.0)	(75, 121617.0)	(80, 172166.0)	(85, 261493.0)	(90, 334841.0)	(95, 470885.0)	(100, 556219.0)	(105, 709438.0)	(110, 744343.0)	(115, 842704.0)	(120, 810828.0)	(125, 824857.0)	(130, 759918.0)	(135, 740179.0)	(140, 726451.0)	(145, 9305072.0)	
SRR26260920_1	(35, 1338382.0)	(40, 3513.0)	(45, 6817.0)	(50, 13635.0)	(55, 21523.0)	(60, 37386.0)	(65, 58799.0)	(70, 88039.0)	(75, 136286.0)	(80, 192386.0)	(85, 279998.0)	(90, 357586.0)	(95, 479184.0)	(100, 565183.0)	(105, 676998.0)	(110, 722940.0)	(115, 783112.0)	(120, 759507.0)	(125, 754564.0)	(130, 707247.0)	(135, 675228.0)	(140, 618737.0)	(145, 7760436.0)	
SRR26260920_2	(35, 1313294.0)	(40, 3464.0)	(45, 6719.0)	(50, 13403.0)	(55, 21182.0)	(60, 36942.0)	(65, 58143.0)	(70, 86989.0)	(75, 134252.0)	(80, 189362.0)	(85, 275426.0)	(90, 352164.0)	(95, 471340.0)	(100, 555541.0)	(105, 665730.0)	(110, 711774.0)	(115, 766605.0)	(120, 740400.0)	(125, 734884.0)	(130, 688204.0)	(135, 659064.0)	(140, 632741.0)	(145, 7919863.0)	
SRR26260921_1	(35, 479191.0)	(40, 2649.0)	(45, 5548.0)	(50, 11448.0)	(55, 20079.0)	(60, 34722.0)	(65, 56968.0)	(70, 87950.0)	(75, 137109.0)	(80, 197674.0)	(85, 289698.0)	(90, 366197.0)	(95, 499108.0)	(100, 576221.0)	(105, 688349.0)	(110, 727696.0)	(115, 793970.0)	(120, 771206.0)	(125, 758299.0)	(130, 711499.0)	(135, 672639.0)	(140, 624574.0)	(145, 7625331.0)	
SRR26260921_2	(35, 461790.0)	(40, 2593.0)	(45, 5453.0)	(50, 11263.0)	(55, 19766.0)	(60, 34315.0)	(65, 56391.0)	(70, 87049.0)	(75, 135437.0)	(80, 194902.0)	(85, 285130.0)	(90, 360808.0)	(95, 492248.0)	(100, 568225.0)	(105, 678941.0)	(110, 719051.0)	(115, 780158.0)	(120, 755408.0)	(125, 742925.0)	(130, 695731.0)	(135, 659597.0)	(140, 640780.0)	(145, 7750164.0)	
SRR26260922_1	(35, 73258.0)	(40, 2198.0)	(45, 4795.0)	(50, 10388.0)	(55, 18512.0)	(60, 32345.0)	(65, 51835.0)	(70, 80784.0)	(75, 124396.0)	(80, 180970.0)	(85, 263097.0)	(90, 344786.0)	(95, 466092.0)	(100, 557601.0)	(105, 681797.0)	(110, 720109.0)	(115, 805964.0)	(120, 778768.0)	(125, 799873.0)	(130, 738115.0)	(135, 727835.0)	(140, 665533.0)	(145, 8169365.0)	
SRR26260922_2	(35, 70778.0)	(40, 2157.0)	(45, 4693.0)	(50, 10222.0)	(55, 18194.0)	(60, 31830.0)	(65, 51060.0)	(70, 79371.0)	(75, 122016.0)	(80, 177244.0)	(85, 257560.0)	(90, 337128.0)	(95, 455306.0)	(100, 543962.0)	(105, 664125.0)	(110, 701633.0)	(115, 782739.0)	(120, 753078.0)	(125, 773180.0)	(130, 711912.0)	(135, 702813.0)	(140, 670789.0)	(145, 8376626.0)	
SRR26260923_1	(35, 471007.0)	(40, 4942.0)	(45, 9770.0)	(50, 18458.0)	(55, 30720.0)	(60, 47772.0)	(65, 74702.0)	(70, 103233.0)	(75, 153548.0)	(80, 202662.0)	(85, 288692.0)	(90, 347299.0)	(95, 464531.0)	(100, 511716.0)	(105, 614998.0)	(110, 619222.0)	(115, 664727.0)	(120, 626400.0)	(125, 609311.0)	(130, 557888.0)	(135, 519628.0)	(140, 458962.0)	(145, 4583100.0)	
SRR26260923_2	(35, 462937.0)	(40, 4898.0)	(45, 9686.0)	(50, 18254.0)	(55, 30462.0)	(60, 47346.0)	(65, 74237.0)	(70, 102546.0)	(75, 151888.0)	(80, 200569.0)	(85, 285399.0)	(90, 343284.0)	(95, 458988.0)	(100, 505246.0)	(105, 606762.0)	(110, 611653.0)	(115, 654003.0)	(120, 614953.0)	(125, 598273.0)	(130, 548260.0)	(135, 510069.0)	(140, 479555.0)	(145, 4664020.0)	
SRR26260924_1	(35, 49307.0)	(40, 4029.0)	(45, 8065.0)	(50, 15983.0)	(55, 27529.0)	(60, 45875.0)	(65, 72535.0)	(70, 108937.0)	(75, 163016.0)	(80, 231337.0)	(85, 328113.0)	(90, 419531.0)	(95, 559807.0)	(100, 650654.0)	(105, 781376.0)	(110, 826094.0)	(115, 897425.0)	(120, 886492.0)	(125, 873187.0)	(130, 830292.0)	(135, 787620.0)	(140, 729630.0)	(145, 8117632.0)	
SRR26260924_2	(35, 46161.0)	(40, 3944.0)	(45, 7902.0)	(50, 15665.0)	(55, 27093.0)	(60, 44976.0)	(65, 71232.0)	(70, 106818.0)	(75, 159349.0)	(80, 225977.0)	(85, 320027.0)	(90, 408663.0)	(95, 544764.0)	(100, 632142.0)	(105, 758339.0)	(110, 801991.0)	(115, 867521.0)	(120, 853231.0)	(125, 840065.0)	(130, 798738.0)	(135, 757626.0)	(140, 730586.0)	(145, 8391656.0)	
SRR26260925_1	(35, 21111.0)	(40, 2503.0)	(45, 4916.0)	(50, 10397.0)	(55, 17389.0)	(60, 31458.0)	(65, 52857.0)	(70, 82995.0)	(75, 131365.0)	(80, 187726.0)	(85, 276051.0)	(90, 353491.0)	(95, 479752.0)	(100, 554487.0)	(105, 676094.0)	(110, 704205.0)	(115, 787149.0)	(120, 753728.0)	(125, 778999.0)	(130, 709639.0)	(135, 711947.0)	(140, 634167.0)	(145, 8090971.0)	
SRR26260925_2	(35, 20039.0)	(40, 2437.0)	(45, 4810.0)	(50, 10227.0)	(55, 17081.0)	(60, 30933.0)	(65, 52014.0)	(70, 81550.0)	(75, 128799.0)	(80, 183828.0)	(85, 270336.0)	(90, 345649.0)	(95, 468111.0)	(100, 541168.0)	(105, 658660.0)	(110, 685994.0)	(115, 764253.0)	(120, 729568.0)	(125, 753549.0)	(130, 686438.0)	(135, 689003.0)	(140, 641769.0)	(145, 8287181.0)	
SRR26260926_1	(35, 166870.0)	(40, 2604.0)	(45, 5127.0)	(50, 10678.0)	(55, 17917.0)	(60, 31069.0)	(65, 50180.0)	(70, 79074.0)	(75, 120884.0)	(80, 180242.0)	(85, 259144.0)	(90, 348236.0)	(95, 469349.0)	(100, 568762.0)	(105, 699364.0)	(110, 755851.0)	(115, 838869.0)	(120, 832088.0)	(125, 845926.0)	(130, 796245.0)	(135, 775693.0)	(140, 704949.0)	(145, 7835270.0)	
SRR26260926_2	(35, 162935.0)	(40, 2556.0)	(45, 5062.0)	(50, 10487.0)	(55, 17612.0)	(60, 30596.0)	(65, 49365.0)	(70, 77743.0)	(75, 118303.0)	(80, 176365.0)	(85, 253314.0)	(90, 340457.0)	(95, 458071.0)	(100, 554136.0)	(105, 680432.0)	(110, 735882.0)	(115, 813870.0)	(120, 804127.0)	(125, 816165.0)	(130, 768047.0)	(135, 748543.0)	(140, 710276.0)	(145, 8060047.0)	
SRR26260927_1	(35, 30180.0)	(40, 2588.0)	(45, 5764.0)	(50, 12522.0)	(55, 21910.0)	(60, 38250.0)	(65, 62702.0)	(70, 96146.0)	(75, 152173.0)	(80, 216112.0)	(85, 317689.0)	(90, 407181.0)	(95, 546420.0)	(100, 643682.0)	(105, 764823.0)	(110, 810823.0)	(115, 866870.0)	(120, 851677.0)	(125, 834170.0)	(130, 785504.0)	(135, 741186.0)	(140, 683479.0)	(145, 7808368.0)	
SRR26260927_2	(35, 28816.0)	(40, 2521.0)	(45, 5670.0)	(50, 12346.0)	(55, 21557.0)	(60, 37744.0)	(65, 61900.0)	(70, 94739.0)	(75, 149546.0)	(80, 212255.0)	(85, 311827.0)	(90, 399068.0)	(95, 534971.0)	(100, 629964.0)	(105, 747326.0)	(110, 792476.0)	(115, 844325.0)	(120, 826429.0)	(125, 808883.0)	(130, 761852.0)	(135, 718530.0)	(140, 694584.0)	(145, 8002890.0)	
SRR26260934_1	(35, 71566.0)	(40, 6504.0)	(45, 9511.0)	(50, 18014.0)	(55, 26036.0)	(60, 46994.0)	(65, 70371.0)	(70, 109016.0)	(75, 157877.0)	(80, 228188.0)	(85, 319784.0)	(90, 411176.0)	(95, 515439.0)	(100, 611057.0)	(105, 699541.0)	(110, 730317.0)	(115, 770279.0)	(120, 769657.0)	(125, 786752.0)	(130, 763500.0)	(135, 787794.0)	(140, 752488.0)	(145, 5166917.0)	(150, 9056319.0)
SRR26260934_2	(35, 70519.0)	(40, 6594.0)	(45, 9516.0)	(50, 17922.0)	(55, 25792.0)	(60, 46952.0)	(65, 70010.0)	(70, 108730.0)	(75, 156936.0)	(80, 225342.0)	(85, 317073.0)	(90, 410302.0)	(95, 513297.0)	(100, 604931.0)	(105, 697718.0)	(110, 729285.0)	(115, 767326.0)	(120, 766527.0)	(125, 778701.0)	(130, 749549.0)	(135, 770054.0)	(140, 737123.0)	(145, 5374848.0)	(150, 8930050.0)
SRR26260935_1	(35, 61922.0)	(40, 6011.0)	(45, 9150.0)	(50, 15153.0)	(55, 24516.0)	(60, 44196.0)	(65, 72469.0)	(70, 116241.0)	(75, 172140.0)	(80, 250538.0)	(85, 342527.0)	(90, 452736.0)	(95, 564319.0)	(100, 681135.0)	(105, 786532.0)	(110, 874296.0)	(115, 939522.0)	(120, 968020.0)	(125, 992061.0)	(130, 988372.0)	(135, 1001149.0)	(140, 959957.0)	(145, 5396497.0)	(150, 9916188.0)
SRR26260935_2	(35, 62322.0)	(40, 6154.0)	(45, 9225.0)	(50, 15342.0)	(55, 24488.0)	(60, 44447.0)	(65, 72915.0)	(70, 116415.0)	(75, 171770.0)	(80, 249903.0)	(85, 343065.0)	(90, 453185.0)	(95, 564758.0)	(100, 682616.0)	(105, 787696.0)	(110, 876140.0)	(115, 940632.0)	(120, 968350.0)	(125, 991661.0)	(130, 984330.0)	(135, 992167.0)	(140, 953390.0)	(145, 5557444.0)	(150, 9767232.0)
SRR26260936_1	(35, 57941.0)	(40, 5243.0)	(45, 6306.0)	(50, 8655.0)	(55, 9869.0)	(60, 16429.0)	(65, 26669.0)	(70, 43673.0)	(75, 68019.0)	(80, 107926.0)	(85, 162347.0)	(90, 241731.0)	(95, 337866.0)	(100, 445876.0)	(105, 559745.0)	(110, 674779.0)	(115, 764534.0)	(120, 824704.0)	(125, 879577.0)	(130, 908268.0)	(135, 944158.0)	(140, 926771.0)	(145, 6067577.0)	(150, 10682869.0)
SRR26260936_2	(35, 58150.0)	(40, 5529.0)	(45, 6416.0)	(50, 8910.0)	(55, 9831.0)	(60, 16666.0)	(65, 27048.0)	(70, 43776.0)	(75, 67480.0)	(80, 107122.0)	(85, 161536.0)	(90, 241176.0)	(95, 335957.0)	(100, 444525.0)	(105, 557106.0)	(110, 671633.0)	(115, 760959.0)	(120, 818771.0)	(125, 873572.0)	(130, 898807.0)	(135, 929502.0)	(140, 914384.0)	(145, 6292922.0)	(150, 10519754.0)
SRR26260937_1	(35, 46290.0)	(40, 3937.0)	(45, 5667.0)	(50, 8870.0)	(55, 12366.0)	(60, 21173.0)	(65, 32931.0)	(70, 53291.0)	(75, 83904.0)	(80, 132870.0)	(85, 200719.0)	(90, 292232.0)	(95, 403306.0)	(100, 527922.0)	(105, 645873.0)	(110, 757009.0)	(115, 831817.0)	(120, 876955.0)	(125, 901443.0)	(130, 919766.0)	(135, 924604.0)	(140, 901751.0)	(145, 6145512.0)	(150, 11006060.0)
SRR26260937_2	(35, 46137.0)	(40, 4044.0)	(45, 5719.0)	(50, 9055.0)	(55, 12173.0)	(60, 21197.0)	(65, 33025.0)	(70, 53000.0)	(75, 82945.0)	(80, 131141.0)	(85, 199221.0)	(90, 290907.0)	(95, 400526.0)	(100, 526125.0)	(105, 643098.0)	(110, 752979.0)	(115, 827304.0)	(120, 870393.0)	(125, 893705.0)	(130, 909529.0)	(135, 910071.0)	(140, 892340.0)	(145, 6364474.0)	(150, 10857160.0)
SRR26260938_1	(35, 37938.0)	(40, 6145.0)	(45, 9111.0)	(50, 13047.0)	(55, 18657.0)	(60, 31430.0)	(65, 49462.0)	(70, 79503.0)	(75, 122255.0)	(80, 187697.0)	(85, 278542.0)	(90, 394099.0)	(95, 527033.0)	(100, 672757.0)	(105, 807310.0)	(110, 920972.0)	(115, 995054.0)	(120, 1027288.0)	(125, 1040744.0)	(130, 1034423.0)	(135, 1026980.0)	(140, 979909.0)	(145, 5157271.0)	(150, 9449033.0)
SRR26260938_2	(35, 37087.0)	(40, 6104.0)	(45, 8827.0)	(50, 13186.0)	(55, 18493.0)	(60, 31487.0)	(65, 49561.0)	(70, 79092.0)	(75, 121257.0)	(80, 186366.0)	(85, 277584.0)	(90, 393345.0)	(95, 525352.0)	(100, 671904.0)	(105, 806371.0)	(110, 919912.0)	(115, 994074.0)	(120, 1026097.0)	(125, 1039107.0)	(130, 1029708.0)	(135, 1017442.0)	(140, 972006.0)	(145, 5268703.0)	(150, 9373595.0)
SRR26260939_1	(35, 96267.0)	(40, 12678.0)	(45, 15474.0)	(50, 19028.0)	(55, 24219.0)	(60, 40890.0)	(65, 63867.0)	(70, 98499.0)	(75, 143253.0)	(80, 205205.0)	(85, 279871.0)	(90, 369020.0)	(95, 464146.0)	(100, 558595.0)	(105, 644081.0)	(110, 713381.0)	(115, 761373.0)	(120, 782888.0)	(125, 797720.0)	(130, 799015.0)	(135, 807457.0)	(140, 785590.0)	(145, 5001984.0)	(150, 9149355.0)
SRR26260939_2	(35, 94112.0)	(40, 12320.0)	(45, 14953.0)	(50, 18901.0)	(55, 23991.0)	(60, 40885.0)	(65, 63845.0)	(70, 98175.0)	(75, 142586.0)	(80, 204199.0)	(85, 279644.0)	(90, 369064.0)	(95, 463277.0)	(100, 558667.0)	(105, 644365.0)	(110, 713940.0)	(115, 761236.0)	(120, 783639.0)	(125, 797980.0)	(130, 797013.0)	(135, 801113.0)	(140, 779619.0)	(145, 5068735.0)	(150, 9101597.0)
SRR26260940_1	(35, 288085.0)	(40, 7228.0)	(45, 8712.0)	(50, 10913.0)	(55, 13168.0)	(60, 21076.0)	(65, 31183.0)	(70, 50189.0)	(75, 74673.0)	(80, 114143.0)	(85, 161110.0)	(90, 226543.0)	(95, 301906.0)	(100, 382015.0)	(105, 466441.0)	(110, 553463.0)	(115, 622857.0)	(120, 665633.0)	(125, 713955.0)	(130, 734047.0)	(135, 768574.0)	(140, 747300.0)	(145, 4983625.0)	(150, 8079873.0)
SRR26260940_2	(35, 286869.0)	(40, 7000.0)	(45, 8607.0)	(50, 11056.0)	(55, 13114.0)	(60, 21198.0)	(65, 31277.0)	(70, 49986.0)	(75, 73843.0)	(80, 112997.0)	(85, 160114.0)	(90, 225474.0)	(95, 299719.0)	(100, 379954.0)	(105, 462931.0)	(110, 548993.0)	(115, 616771.0)	(120, 656662.0)	(125, 703656.0)	(130, 719982.0)	(135, 750101.0)	(140, 733176.0)	(145, 5094861.0)	(150, 8058371.0)
SRR26260941_1	(35, 525482.0)	(40, 4619.0)	(45, 6422.0)	(50, 9669.0)	(55, 13735.0)	(60, 24273.0)	(65, 40873.0)	(70, 67668.0)	(75, 105138.0)	(80, 163140.0)	(85, 233268.0)	(90, 323576.0)	(95, 418882.0)	(100, 515556.0)	(105, 601243.0)	(110, 672387.0)	(115, 721304.0)	(120, 743442.0)	(125, 758118.0)	(130, 762613.0)	(135, 769655.0)	(140, 748114.0)	(145, 4960335.0)	(150, 8766366.0)
SRR26260941_2	(35, 525342.0)	(40, 4755.0)	(45, 6505.0)	(50, 9875.0)	(55, 13745.0)	(60, 24437.0)	(65, 40957.0)	(70, 67412.0)	(75, 104441.0)	(80, 161641.0)	(85, 232452.0)	(90, 322786.0)	(95, 417012.0)	(100, 514471.0)	(105, 599269.0)	(110, 670306.0)	(115, 718084.0)	(120, 739357.0)	(125, 753410.0)	(130, 755187.0)	(135, 758266.0)	(140, 737652.0)	(145, 5093639.0)	(150, 8684877.0)
SRR26260942_1	(35, 63843.0)	(40, 4935.0)	(45, 6750.0)	(50, 9575.0)	(55, 13927.0)	(60, 23489.0)	(65, 36744.0)	(70, 58997.0)	(75, 90374.0)	(80, 141498.0)	(85, 211181.0)	(90, 305029.0)	(95, 422094.0)	(100, 548011.0)	(105, 674228.0)	(110, 782266.0)	(115, 868225.0)	(120, 908906.0)	(125, 938156.0)	(130, 944167.0)	(135, 951930.0)	(140, 919253.0)	(145, 6081745.0)	(150, 10634954.0)
SRR26260942_2	(35, 63832.0)	(40, 4920.0)	(45, 6654.0)	(50, 9650.0)	(55, 13821.0)	(60, 23628.0)	(65, 37046.0)	(70, 58961.0)	(75, 89867.0)	(80, 140443.0)	(85, 210590.0)	(90, 304268.0)	(95, 420604.0)	(100, 546793.0)	(105, 672820.0)	(110, 780063.0)	(115, 865256.0)	(120, 905324.0)	(125, 933706.0)	(130, 936906.0)	(135, 939731.0)	(140, 907610.0)	(145, 6131179.0)	(150, 10636605.0)
SRR26260943_1	(35, 166530.0)	(40, 4331.0)	(45, 5675.0)	(50, 7332.0)	(55, 9916.0)	(60, 16764.0)	(65, 26423.0)	(70, 43400.0)	(75, 68309.0)	(80, 108258.0)	(85, 163995.0)	(90, 244834.0)	(95, 345125.0)	(100, 458454.0)	(105, 576561.0)	(110, 693263.0)	(115, 791288.0)	(120, 852243.0)	(125, 907390.0)	(130, 934038.0)	(135, 973861.0)	(140, 951352.0)	(145, 6369737.0)	(150, 10835598.0)
SRR26260943_2	(35, 165642.0)	(40, 4391.0)	(45, 5618.0)	(50, 7463.0)	(55, 9856.0)	(60, 17027.0)	(65, 26699.0)	(70, 43595.0)	(75, 67788.0)	(80, 107284.0)	(85, 163217.0)	(90, 244146.0)	(95, 342962.0)	(100, 456870.0)	(105, 573800.0)	(110, 689448.0)	(115, 786219.0)	(120, 843325.0)	(125, 897973.0)	(130, 920796.0)	(135, 954536.0)	(140, 935939.0)	(145, 6562147.0)	(150, 10727936.0)
SRR26260944_1	(35, 61252.0)	(40, 6391.0)	(45, 8592.0)	(50, 12873.0)	(55, 18591.0)	(60, 30464.0)	(65, 48378.0)	(70, 77782.0)	(75, 119956.0)	(80, 184903.0)	(85, 275209.0)	(90, 393492.0)	(95, 535831.0)	(100, 690915.0)	(105, 844566.0)	(110, 980734.0)	(115, 1092583.0)	(120, 1156198.0)	(125, 1212658.0)	(130, 1231342.0)	(135, 1261384.0)	(140, 1232314.0)	(145, 6467290.0)	(150, 11313587.0)
SRR26260944_2	(35, 61015.0)	(40, 6566.0)	(45, 8648.0)	(50, 13136.0)	(55, 18570.0)	(60, 30715.0)	(65, 48753.0)	(70, 78054.0)	(75, 119632.0)	(80, 184496.0)	(85, 275731.0)	(90, 394558.0)	(95, 536443.0)	(100, 692765.0)	(105, 846264.0)	(110, 983001.0)	(115, 1094700.0)	(120, 1157901.0)	(125, 1213854.0)	(130, 1228797.0)	(135, 1251365.0)	(140, 1221499.0)	(145, 6578824.0)	(150, 11211998.0)
SRR26260945_1	(35, 153616.0)	(40, 11459.0)	(45, 13819.0)	(50, 16489.0)	(55, 20901.0)	(60, 35276.0)	(65, 56065.0)	(70, 88968.0)	(75, 133307.0)	(80, 198132.0)	(85, 274912.0)	(90, 365301.0)	(95, 451692.0)	(100, 538322.0)	(105, 604591.0)	(110, 649922.0)	(115, 686343.0)	(120, 687339.0)	(125, 694643.0)	(130, 685189.0)	(135, 693455.0)	(140, 664716.0)	(145, 3699500.0)	(150, 6617978.0)
SRR26260945_2	(35, 149558.0)	(40, 10800.0)	(45, 13002.0)	(50, 16310.0)	(55, 20620.0)	(60, 35321.0)	(65, 56130.0)	(70, 88807.0)	(75, 132731.0)	(80, 197179.0)	(85, 274744.0)	(90, 365657.0)	(95, 451585.0)	(100, 539313.0)	(105, 605598.0)	(110, 651310.0)	(115, 687509.0)	(120, 688506.0)	(125, 695156.0)	(130, 683768.0)	(135, 687388.0)	(140, 659258.0)	(145, 3738794.0)	(150, 6592891.0)
SRR26260946_1	(35, 133889.0)	(40, 6453.0)	(45, 8336.0)	(50, 9531.0)	(55, 10466.0)	(60, 15017.0)	(65, 21030.0)	(70, 32720.0)	(75, 47970.0)	(80, 73854.0)	(85, 105636.0)	(90, 149687.0)	(95, 198156.0)	(100, 252618.0)	(105, 306072.0)	(110, 353437.0)	(115, 391270.0)	(120, 412320.0)	(125, 434227.0)	(130, 445603.0)	(135, 464765.0)	(140, 458096.0)	(145, 3537937.0)	(150, 6212662.0)
SRR26260946_2	(35, 132830.0)	(40, 6150.0)	(45, 8029.0)	(50, 9688.0)	(55, 10324.0)	(60, 14923.0)	(65, 21115.0)	(70, 32611.0)	(75, 47555.0)	(80, 73173.0)	(85, 105184.0)	(90, 149347.0)	(95, 197095.0)	(100, 251678.0)	(105, 304810.0)	(110, 351639.0)	(115, 389508.0)	(120, 409458.0)	(125, 431312.0)	(130, 440408.0)	(135, 457597.0)	(140, 451820.0)	(145, 3597133.0)	(150, 6188365.0)
SRR26260947_1	(35, 176439.0)	(40, 5429.0)	(45, 6370.0)	(50, 7700.0)	(55, 9447.0)	(60, 15249.0)	(65, 23771.0)	(70, 38957.0)	(75, 59903.0)	(80, 93909.0)	(85, 137297.0)	(90, 198233.0)	(95, 266571.0)	(100, 343599.0)	(105, 416742.0)	(110, 483865.0)	(115, 539752.0)	(120, 570327.0)	(125, 601268.0)	(130, 615295.0)	(135, 642243.0)	(140, 634805.0)	(145, 4714879.0)	(150, 8234027.0)
SRR26260947_2	(35, 176176.0)	(40, 5388.0)	(45, 6283.0)	(50, 7819.0)	(55, 9348.0)	(60, 15292.0)	(65, 23967.0)	(70, 38827.0)	(75, 59464.0)	(80, 93135.0)	(85, 136576.0)	(90, 197570.0)	(95, 264934.0)	(100, 342119.0)	(105, 414735.0)	(110, 481167.0)	(115, 536548.0)	(120, 565671.0)	(125, 596040.0)	(130, 607755.0)	(135, 631661.0)	(140, 625109.0)	(145, 4828497.0)	(150, 8171996.0)
SRR26260948_1	(35, 308234.0)	(40, 16836.0)	(45, 19323.0)	(50, 21538.0)	(55, 25386.0)	(60, 39945.0)	(65, 60140.0)	(70, 91042.0)	(75, 132842.0)	(80, 191350.0)	(85, 264710.0)	(90, 354009.0)	(95, 454397.0)	(100, 559825.0)	(105, 664155.0)	(110, 762441.0)	(115, 841829.0)	(120, 891470.0)	(125, 934668.0)	(130, 948046.0)	(135, 979451.0)	(140, 952505.0)	(145, 5154058.0)	(150, 8994304.0)
SRR26260948_2	(35, 303459.0)	(40, 16175.0)	(45, 18412.0)	(50, 21410.0)	(55, 25113.0)	(60, 40086.0)	(65, 60361.0)	(70, 91122.0)	(75, 132539.0)	(80, 190764.0)	(85, 265245.0)	(90, 354945.0)	(95, 454895.0)	(100, 561607.0)	(105, 665521.0)	(110, 763957.0)	(115, 843708.0)	(120, 893228.0)	(125, 936226.0)	(130, 947233.0)	(135, 971936.0)	(140, 946019.0)	(145, 5199109.0)	(150, 8959434.0)
SRR26260949_1	(35, 129772.0)	(40, 6551.0)	(45, 7912.0)	(50, 9325.0)	(55, 11466.0)	(60, 18387.0)	(65, 27956.0)	(70, 43890.0)	(75, 65582.0)	(80, 99771.0)	(85, 143603.0)	(90, 201136.0)	(95, 268052.0)	(100, 334961.0)	(105, 400412.0)	(110, 447081.0)	(115, 487438.0)	(120, 496133.0)	(125, 504862.0)	(130, 498303.0)	(135, 501983.0)	(140, 477386.0)	(145, 3000300.0)	(150, 5238409.0)
SRR26260949_2	(35, 128122.0)	(40, 6204.0)	(45, 7486.0)	(50, 9236.0)	(55, 11264.0)	(60, 18249.0)	(65, 27853.0)	(70, 43593.0)	(75, 65039.0)	(80, 98735.0)	(85, 142784.0)	(90, 200086.0)	(95, 266198.0)	(100, 333739.0)	(105, 398630.0)	(110, 444833.0)	(115, 484867.0)	(120, 492733.0)	(125, 500788.0)	(130, 493104.0)	(135, 494598.0)	(140, 471227.0)	(145, 3061194.0)	(150, 5220109.0)
SRR26260950_1	(35, 84220.0)	(40, 4807.0)	(45, 6314.0)	(50, 8899.0)	(55, 12278.0)	(60, 22018.0)	(65, 35472.0)	(70, 57810.0)	(75, 89210.0)	(80, 137729.0)	(85, 199420.0)	(90, 278171.0)	(95, 363898.0)	(100, 452149.0)	(105, 534479.0)	(110, 606086.0)	(115, 662265.0)	(120, 688566.0)	(125, 717828.0)	(130, 732695.0)	(135, 758731.0)	(140, 742725.0)	(145, 5275642.0)	(150, 9403805.0)
SRR26260950_2	(35, 84244.0)	(40, 5041.0)	(45, 6435.0)	(50, 9100.0)	(55, 12095.0)	(60, 22069.0)	(65, 35498.0)	(70, 57251.0)	(75, 87675.0)	(80, 135276.0)	(85, 197181.0)	(90, 275124.0)	(95, 359635.0)	(100, 447938.0)	(105, 529574.0)	(110, 600613.0)	(115, 655562.0)	(120, 681080.0)	(125, 710389.0)	(130, 723492.0)	(135, 746063.0)	(140, 732243.0)	(145, 5467432.0)	(150, 9294207.0)
SRR26260951_1	(35, 81573.0)	(40, 4817.0)	(45, 5855.0)	(50, 6399.0)	(55, 7103.0)	(60, 10917.0)	(65, 17239.0)	(70, 27720.0)	(75, 43395.0)	(80, 68876.0)	(85, 105348.0)	(90, 155534.0)	(95, 219301.0)	(100, 290176.0)	(105, 369232.0)	(110, 442063.0)	(115, 506842.0)	(120, 547344.0)	(125, 584032.0)	(130, 605067.0)	(135, 629522.0)	(140, 619142.0)	(145, 3777811.0)	(150, 6432892.0)
SRR26260951_2	(35, 80889.0)	(40, 4784.0)	(45, 5587.0)	(50, 6576.0)	(55, 7036.0)	(60, 11003.0)	(65, 17428.0)	(70, 27758.0)	(75, 43112.0)	(80, 68247.0)	(85, 104985.0)	(90, 155211.0)	(95, 218279.0)	(100, 289485.0)	(105, 368190.0)	(110, 440726.0)	(115, 504334.0)	(120, 543376.0)	(125, 580459.0)	(130, 599050.0)	(135, 619513.0)	(140, 610726.0)	(145, 3879224.0)	(150, 6372222.0)
SRR26260989_1	(35, 2672.0)	(40, 2891.0)	(45, 6949.0)	(50, 17422.0)	(55, 34963.0)	(60, 66955.0)	(65, 107482.0)	(70, 184808.0)	(75, 282525.0)	(80, 421124.0)	(85, 617765.0)	(90, 810514.0)	(95, 1063968.0)	(100, 1344659.0)	(105, 1591368.0)	(110, 1745004.0)	(115, 1831594.0)	(120, 1910621.0)	(125, 1903603.0)	(130, 1891059.0)	(135, 1991709.0)	(140, 2127860.0)	(145, 34783544.0)	
SRR26260989_2	(35, 2482.0)	(40, 2723.0)	(45, 6598.0)	(50, 16965.0)	(55, 34495.0)	(60, 66229.0)	(65, 106327.0)	(70, 183118.0)	(75, 280488.0)	(80, 418108.0)	(85, 614155.0)	(90, 806327.0)	(95, 1058963.0)	(100, 1338316.0)	(105, 1585328.0)	(110, 1739028.0)	(115, 1822498.0)	(120, 1901702.0)	(125, 1895948.0)	(130, 1881851.0)	(135, 1982637.0)	(140, 2071246.0)	(145, 34925527.0)	
SRR26260990_1	(35, 6836.0)	(40, 3279.0)	(45, 7862.0)	(50, 18673.0)	(55, 37709.0)	(60, 70788.0)	(65, 112092.0)	(70, 189559.0)	(75, 291584.0)	(80, 434667.0)	(85, 638546.0)	(90, 838417.0)	(95, 1109375.0)	(100, 1402169.0)	(105, 1673241.0)	(110, 1836597.0)	(115, 1947613.0)	(120, 2031124.0)	(125, 2034978.0)	(130, 2028557.0)	(135, 2121260.0)	(140, 2268652.0)	(145, 37273143.0)	
SRR26260990_2	(35, 6385.0)	(40, 3039.0)	(45, 7521.0)	(50, 18133.0)	(55, 36975.0)	(60, 69934.0)	(65, 110668.0)	(70, 187435.0)	(75, 289167.0)	(80, 431096.0)	(85, 634007.0)	(90, 833319.0)	(95, 1102880.0)	(100, 1393928.0)	(105, 1664985.0)	(110, 1828001.0)	(115, 1936271.0)	(120, 2020192.0)	(125, 2025510.0)	(130, 2017384.0)	(135, 2109507.0)	(140, 2205396.0)	(145, 37444988.0)	
SRR26260991_1	(35, 3202.0)	(40, 3462.0)	(45, 8247.0)	(50, 18974.0)	(55, 35252.0)	(60, 62864.0)	(65, 98725.0)	(70, 165464.0)	(75, 248859.0)	(80, 365368.0)	(85, 550514.0)	(90, 717609.0)	(95, 963557.0)	(100, 1256119.0)	(105, 1502554.0)	(110, 1658403.0)	(115, 1748865.0)	(120, 1856864.0)	(125, 1868202.0)	(130, 1869066.0)	(135, 1988610.0)	(140, 2146215.0)	(145, 37530665.0)	
SRR26260991_2	(35, 3034.0)	(40, 3303.0)	(45, 7988.0)	(50, 18604.0)	(55, 34809.0)	(60, 62256.0)	(65, 97838.0)	(70, 164019.0)	(75, 247212.0)	(80, 362890.0)	(85, 547477.0)	(90, 714166.0)	(95, 959039.0)	(100, 1249832.0)	(105, 1496629.0)	(110, 1652073.0)	(115, 1739954.0)	(120, 1848417.0)	(125, 1860819.0)	(130, 1859332.0)	(135, 1978888.0)	(140, 2088388.0)	(145, 37670693.0)	
SRR26260992_1	(35, 2484.0)	(40, 3240.0)	(45, 7724.0)	(50, 18499.0)	(55, 35671.0)	(60, 64725.0)	(65, 101633.0)	(70, 172018.0)	(75, 258599.0)	(80, 380538.0)	(85, 569052.0)	(90, 737424.0)	(95, 977930.0)	(100, 1262548.0)	(105, 1493588.0)	(110, 1642263.0)	(115, 1721633.0)	(120, 1818729.0)	(125, 1814610.0)	(130, 1798587.0)	(135, 1912196.0)	(140, 2048716.0)	(145, 34285278.0)	
SRR26260992_2	(35, 2306.0)	(40, 3108.0)	(45, 7478.0)	(50, 18076.0)	(55, 35191.0)	(60, 64116.0)	(65, 100576.0)	(70, 170411.0)	(75, 256677.0)	(80, 377817.0)	(85, 565573.0)	(90, 733631.0)	(95, 973311.0)	(100, 1256138.0)	(105, 1487881.0)	(110, 1636278.0)	(115, 1713077.0)	(120, 1810348.0)	(125, 1807462.0)	(130, 1790158.0)	(135, 1903660.0)	(140, 1996659.0)	(145, 34417753.0)	
SRR26260993_1	(35, 3508.0)	(40, 3445.0)	(45, 8558.0)	(50, 20471.0)	(55, 39495.0)	(60, 71283.0)	(65, 114974.0)	(70, 194851.0)	(75, 293032.0)	(80, 436418.0)	(85, 650001.0)	(90, 834390.0)	(95, 1080774.0)	(100, 1359159.0)	(105, 1578296.0)	(110, 1705200.0)	(115, 1772363.0)	(120, 1847174.0)	(125, 1813124.0)	(130, 1790756.0)	(135, 1893177.0)	(140, 2043046.0)	(145, 34705744.0)	
SRR26260993_2	(35, 3286.0)	(40, 3281.0)	(45, 8212.0)	(50, 19989.0)	(55, 38982.0)	(60, 70650.0)	(65, 113885.0)	(70, 193243.0)	(75, 291133.0)	(80, 433480.0)	(85, 646670.0)	(90, 830601.0)	(95, 1075522.0)	(100, 1352130.0)	(105, 1571244.0)	(110, 1698594.0)	(115, 1763601.0)	(120, 1838559.0)	(125, 1805727.0)	(130, 1782581.0)	(135, 1884624.0)	(140, 1979096.0)	(145, 34854149.0)	
SRR26260994_1	(35, 7134.0)	(40, 4999.0)	(45, 9241.0)	(50, 18578.0)	(55, 29379.0)	(60, 53563.0)	(65, 83668.0)	(70, 136721.0)	(75, 208626.0)	(80, 317641.0)	(85, 469283.0)	(90, 649140.0)	(95, 873704.0)	(100, 1098413.0)	(105, 1328787.0)	(110, 1445397.0)	(115, 1569338.0)	(120, 1601788.0)	(125, 1626836.0)	(130, 1591761.0)	(135, 1597608.0)	(140, 1638196.0)	(145, 26786647.0)	
SRR26260994_2	(35, 6668.0)	(40, 4583.0)	(45, 8409.0)	(50, 17479.0)	(55, 28403.0)	(60, 52034.0)	(65, 81198.0)	(70, 133065.0)	(75, 204207.0)	(80, 310749.0)	(85, 461067.0)	(90, 639481.0)	(95, 862097.0)	(100, 1083900.0)	(105, 1314440.0)	(110, 1426976.0)	(115, 1547759.0)	(120, 1581828.0)	(125, 1608971.0)	(130, 1571843.0)	(135, 1579613.0)	(140, 1639889.0)	(145, 26981789.0)	
SRR26260995_1	(35, 6421.0)	(40, 4347.0)	(45, 8221.0)	(50, 16139.0)	(55, 25104.0)	(60, 44560.0)	(65, 69626.0)	(70, 111358.0)	(75, 166481.0)	(80, 245607.0)	(85, 353555.0)	(90, 477899.0)	(95, 626905.0)	(100, 775956.0)	(105, 925998.0)	(110, 997982.0)	(115, 1073100.0)	(120, 1098783.0)	(125, 1111165.0)	(130, 1086511.0)	(135, 1088520.0)	(140, 1115160.0)	(145, 18583875.0)	
SRR26260995_2	(35, 6057.0)	(40, 3975.0)	(45, 7519.0)	(50, 15039.0)	(55, 24159.0)	(60, 43266.0)	(65, 67313.0)	(70, 108232.0)	(75, 162650.0)	(80, 239402.0)	(85, 345928.0)	(90, 469374.0)	(95, 617246.0)	(100, 764498.0)	(105, 914346.0)	(110, 983072.0)	(115, 1054361.0)	(120, 1080551.0)	(125, 1093654.0)	(130, 1067386.0)	(135, 1069956.0)	(140, 1112349.0)	(145, 18762940.0)	
SRR26260996_1	(35, 8463.0)	(40, 7485.0)	(45, 14645.0)	(50, 30512.0)	(55, 49622.0)	(60, 89482.0)	(65, 138716.0)	(70, 218505.0)	(75, 325654.0)	(80, 480969.0)	(85, 688235.0)	(90, 934410.0)	(95, 1243304.0)	(100, 1541251.0)	(105, 1864144.0)	(110, 2011734.0)	(115, 2186248.0)	(120, 2219835.0)	(125, 2259732.0)	(130, 2194627.0)	(135, 2197059.0)	(140, 2204416.0)	(145, 33941506.0)	
SRR26260996_2	(35, 7668.0)	(40, 6755.0)	(45, 13408.0)	(50, 28587.0)	(55, 47695.0)	(60, 86866.0)	(65, 134398.0)	(70, 212625.0)	(75, 318704.0)	(80, 470312.0)	(85, 676036.0)	(90, 920525.0)	(95, 1227919.0)	(100, 1523296.0)	(105, 1846116.0)	(110, 1988212.0)	(115, 2156929.0)	(120, 2192855.0)	(125, 2234107.0)	(130, 2166220.0)	(135, 2169583.0)	(140, 2207942.0)	(145, 34213796.0)	
SRR26260997_1	(35, 11099.0)	(40, 4514.0)	(45, 8429.0)	(50, 17870.0)	(55, 27670.0)	(60, 50400.0)	(65, 78251.0)	(70, 125112.0)	(75, 187740.0)	(80, 278038.0)	(85, 404917.0)	(90, 550738.0)	(95, 743067.0)	(100, 928535.0)	(105, 1134939.0)	(110, 1235229.0)	(115, 1355445.0)	(120, 1397794.0)	(125, 1432190.0)	(130, 1410540.0)	(135, 1425459.0)	(140, 1480664.0)	(145, 26417776.0)	
SRR26260997_2	(35, 10259.0)	(40, 4157.0)	(45, 7833.0)	(50, 16939.0)	(55, 26735.0)	(60, 49234.0)	(65, 76233.0)	(70, 122009.0)	(75, 184368.0)	(80, 272795.0)	(85, 398576.0)	(90, 543803.0)	(95, 735053.0)	(100, 917821.0)	(105, 1124906.0)	(110, 1222193.0)	(115, 1339910.0)	(120, 1382824.0)	(125, 1419325.0)	(130, 1394813.0)	(135, 1410102.0)	(140, 1493654.0)	(145, 26552874.0)	
SRR26260998_1	(35, 7285.0)	(40, 4566.0)	(45, 8339.0)	(50, 17022.0)	(55, 27500.0)	(60, 50518.0)	(65, 79940.0)	(70, 128499.0)	(75, 196619.0)	(80, 299955.0)	(85, 442233.0)	(90, 608407.0)	(95, 815886.0)	(100, 1022419.0)	(105, 1234194.0)	(110, 1334788.0)	(115, 1437042.0)	(120, 1471319.0)	(125, 1489309.0)	(130, 1450168.0)	(135, 1450450.0)	(140, 1471130.0)	(145, 23401211.0)	
SRR26260998_2	(35, 6706.0)	(40, 4151.0)	(45, 7678.0)	(50, 15918.0)	(55, 26367.0)	(60, 48900.0)	(65, 76784.0)	(70, 124348.0)	(75, 191244.0)	(80, 291283.0)	(85, 431820.0)	(90, 596584.0)	(95, 802062.0)	(100, 1004401.0)	(105, 1217387.0)	(110, 1314175.0)	(115, 1411838.0)	(120, 1447344.0)	(125, 1467029.0)	(130, 1425276.0)	(135, 1426796.0)	(140, 1469708.0)	(145, 23641000.0)	
SRR26260999_1	(35, 12229.0)	(40, 6998.0)	(45, 12538.0)	(50, 25481.0)	(55, 39944.0)	(60, 74619.0)	(65, 115570.0)	(70, 189230.0)	(75, 281375.0)	(80, 424332.0)	(85, 607495.0)	(90, 833561.0)	(95, 1100661.0)	(100, 1364966.0)	(105, 1634496.0)	(110, 1760382.0)	(115, 1920087.0)	(120, 1944688.0)	(125, 1999114.0)	(130, 1920946.0)	(135, 1946288.0)	(140, 1941497.0)	(145, 30208254.0)	
SRR26260999_2	(35, 11422.0)	(40, 6339.0)	(45, 11414.0)	(50, 23788.0)	(55, 38518.0)	(60, 72407.0)	(65, 112031.0)	(70, 184186.0)	(75, 275479.0)	(80, 414733.0)	(85, 595567.0)	(90, 819364.0)	(95, 1083859.0)	(100, 1343559.0)	(105, 1613007.0)	(110, 1733073.0)	(115, 1887706.0)	(120, 1912568.0)	(125, 1967871.0)	(130, 1887232.0)	(135, 1914408.0)	(140, 1936885.0)	(145, 30519335.0)	
SRR26261000_1	(35, 17241.0)	(40, 5600.0)	(45, 10414.0)	(50, 20620.0)	(55, 31854.0)	(60, 57038.0)	(65, 86978.0)	(70, 138975.0)	(75, 207510.0)	(80, 308110.0)	(85, 443740.0)	(90, 608408.0)	(95, 807544.0)	(100, 1007120.0)	(105, 1207831.0)	(110, 1306826.0)	(115, 1418948.0)	(120, 1447198.0)	(125, 1469672.0)	(130, 1427558.0)	(135, 1432281.0)	(140, 1456887.0)	(145, 23986895.0)	
SRR26261000_2	(35, 16080.0)	(40, 5088.0)	(45, 9555.0)	(50, 19315.0)	(55, 30625.0)	(60, 55383.0)	(65, 84069.0)	(70, 134927.0)	(75, 202646.0)	(80, 300673.0)	(85, 435071.0)	(90, 598217.0)	(95, 796004.0)	(100, 992752.0)	(105, 1192844.0)	(110, 1288114.0)	(115, 1395942.0)	(120, 1425076.0)	(125, 1447895.0)	(130, 1403850.0)	(135, 1408144.0)	(140, 1452561.0)	(145, 24210417.0)	
SRR26261001_1	(35, 8645.0)	(40, 6616.0)	(45, 11786.0)	(50, 22723.0)	(55, 33707.0)	(60, 58955.0)	(65, 89183.0)	(70, 140949.0)	(75, 208123.0)	(80, 310379.0)	(85, 446436.0)	(90, 608787.0)	(95, 812876.0)	(100, 1018997.0)	(105, 1231596.0)	(110, 1344702.0)	(115, 1461716.0)	(120, 1506994.0)	(125, 1540877.0)	(130, 1508995.0)	(135, 1515895.0)	(140, 1551337.0)	(145, 24872549.0)	
SRR26261001_2	(35, 8017.0)	(40, 6030.0)	(45, 10623.0)	(50, 21062.0)	(55, 32378.0)	(60, 57072.0)	(65, 85924.0)	(70, 136357.0)	(75, 202979.0)	(80, 301714.0)	(85, 436395.0)	(90, 597065.0)	(95, 799087.0)	(100, 1001718.0)	(105, 1214957.0)	(110, 1323478.0)	(115, 1435989.0)	(120, 1482164.0)	(125, 1517519.0)	(130, 1482652.0)	(135, 1489875.0)	(140, 1546463.0)	(145, 25123305.0)	
SRR26261002_1	(35, 9967.0)	(40, 3982.0)	(45, 7231.0)	(50, 14465.0)	(55, 22328.0)	(60, 40818.0)	(65, 63071.0)	(70, 100882.0)	(75, 153795.0)	(80, 232240.0)	(85, 339772.0)	(90, 470601.0)	(95, 630734.0)	(100, 790926.0)	(105, 962141.0)	(110, 1042941.0)	(115, 1134139.0)	(120, 1162432.0)	(125, 1190629.0)	(130, 1158430.0)	(135, 1166255.0)	(140, 1182676.0)	(145, 17620413.0)	
SRR26261002_2	(35, 9221.0)	(40, 3486.0)	(45, 6466.0)	(50, 13322.0)	(55, 21347.0)	(60, 39580.0)	(65, 60871.0)	(70, 97829.0)	(75, 150134.0)	(80, 226369.0)	(85, 332556.0)	(90, 462504.0)	(95, 620736.0)	(100, 778623.0)	(105, 950329.0)	(110, 1027427.0)	(115, 1114728.0)	(120, 1144673.0)	(125, 1173490.0)	(130, 1140193.0)	(135, 1148133.0)	(140, 1178699.0)	(145, 17800152.0)	
SRR26261003_1	(35, 16473.0)	(40, 7027.0)	(45, 12336.0)	(50, 24021.0)	(55, 35658.0)	(60, 61653.0)	(65, 92587.0)	(70, 144424.0)	(75, 212917.0)	(80, 313515.0)	(85, 452420.0)	(90, 614412.0)	(95, 823376.0)	(100, 1018139.0)	(105, 1233848.0)	(110, 1335329.0)	(115, 1452379.0)	(120, 1479096.0)	(125, 1507167.0)	(130, 1465585.0)	(135, 1463373.0)	(140, 1498073.0)	(145, 24403485.0)	
SRR26261003_2	(35, 15509.0)	(40, 6460.0)	(45, 11308.0)	(50, 22568.0)	(55, 34323.0)	(60, 59826.0)	(65, 89316.0)	(70, 140006.0)	(75, 207741.0)	(80, 305658.0)	(85, 442773.0)	(90, 603596.0)	(95, 810407.0)	(100, 1001433.0)	(105, 1217714.0)	(110, 1314286.0)	(115, 1428002.0)	(120, 1456500.0)	(125, 1486070.0)	(130, 1442291.0)	(135, 1440900.0)	(140, 1498922.0)	(145, 24631684.0)	
SRR26261004_1	(35, 3376.0)	(40, 2984.0)	(45, 5890.0)	(50, 12118.0)	(55, 19424.0)	(60, 35108.0)	(65, 55739.0)	(70, 89649.0)	(75, 136994.0)	(80, 209261.0)	(85, 308978.0)	(90, 429481.0)	(95, 586951.0)	(100, 738983.0)	(105, 908775.0)	(110, 998041.0)	(115, 1101434.0)	(120, 1134513.0)	(125, 1163944.0)	(130, 1138822.0)	(135, 1147250.0)	(140, 1172769.0)	(145, 18436502.0)	
SRR26261004_2	(35, 3103.0)	(40, 2732.0)	(45, 5406.0)	(50, 11427.0)	(55, 18777.0)	(60, 34084.0)	(65, 53881.0)	(70, 87129.0)	(75, 133811.0)	(80, 204472.0)	(85, 303165.0)	(90, 422861.0)	(95, 578803.0)	(100, 728893.0)	(105, 898671.0)	(110, 985610.0)	(115, 1085823.0)	(120, 1119650.0)	(125, 1150910.0)	(130, 1123453.0)	(135, 1132117.0)	(140, 1176801.0)	(145, 18575407.0)	
SRR26261005_1	(35, 6470.0)	(40, 3768.0)	(45, 6958.0)	(50, 14564.0)	(55, 23733.0)	(60, 45470.0)	(65, 70194.0)	(70, 117673.0)	(75, 177625.0)	(80, 273781.0)	(85, 396027.0)	(90, 547415.0)	(95, 726762.0)	(100, 898414.0)	(105, 1083652.0)	(110, 1155609.0)	(115, 1274026.0)	(120, 1274390.0)	(125, 1328340.0)	(130, 1267072.0)	(135, 1298868.0)	(140, 1301045.0)	(145, 21719157.0)	
SRR26261005_2	(35, 5966.0)	(40, 3409.0)	(45, 6470.0)	(50, 13704.0)	(55, 22939.0)	(60, 44270.0)	(65, 67856.0)	(70, 114244.0)	(75, 173362.0)	(80, 267233.0)	(85, 388268.0)	(90, 538148.0)	(95, 715575.0)	(100, 884775.0)	(105, 1069810.0)	(110, 1138918.0)	(115, 1253485.0)	(120, 1254920.0)	(125, 1309113.0)	(130, 1246274.0)	(135, 1278258.0)	(140, 1309653.0)	(145, 21904363.0)	
SRR26261006_1	(35, 3058.0)	(40, 3862.0)	(45, 9418.0)	(50, 20862.0)	(55, 37803.0)	(60, 66138.0)	(65, 103363.0)	(70, 170523.0)	(75, 257224.0)	(80, 383095.0)	(85, 571839.0)	(90, 759500.0)	(95, 1009352.0)	(100, 1296038.0)	(105, 1544122.0)	(110, 1712972.0)	(115, 1805753.0)	(120, 1907310.0)	(125, 1913066.0)	(130, 1920159.0)	(135, 2017797.0)	(140, 2186651.0)	(145, 38035481.0)	
SRR26261006_2	(35, 2919.0)	(40, 3697.0)	(45, 9126.0)	(50, 20435.0)	(55, 37271.0)	(60, 65501.0)	(65, 102258.0)	(70, 168916.0)	(75, 255310.0)	(80, 380232.0)	(85, 568270.0)	(90, 755586.0)	(95, 1004248.0)	(100, 1289257.0)	(105, 1537421.0)	(110, 1706255.0)	(115, 1796540.0)	(120, 1898814.0)	(125, 1905513.0)	(130, 1910552.0)	(135, 2008968.0)	(140, 2128463.0)	(145, 38179834.0)	
SRR26261235_1	(101, 33146823.0)																							
SRR26261235_2	(101, 33146823.0)																							
SRR26261236_1	(101, 27049342.0)																							
SRR26261236_2	(101, 27049342.0)																							
