Sample	0	1	2	3	4	5	6	7	8	9	10	11	12	13	14	15	16	17	18	19	20	21	22	23	24	25	26	27	28	29	30	31	32	33	34	35	36	37	38	39	40	41	42	43	44	45	46	47	48	49	50	51	52	53	54
SRR26260919_1	(1, 0.8920032710002981)	(2, 0.8899041609552439)	(3, 0.8898872326484292)	(4, 0.8898872326484292)	(5, 0.8898872326484292)	(6, 0.9056531290620883)	(7, 0.8898872326484292)	(8, 0.8898872326484292)	(9, 0.8898872326484292)	(10, 0.8899459174453875)	(15, 0.8898872326484292)	(20, 0.890035073194613)	(25, 0.8907280052202384)	(30, 0.8912979248830085)	(35, 0.18003221995328064)	(40, 0.006689211000729766)	(45, 0.014702848864041768)	(50, 0.008981494122989)	(55, 0.010237425379755295)	(60, 0.006310436585409064)	(65, 0.004414848245511965)	(70, 0.002350803576518071)	(75, 0.001929752930685306)	(80, 0.0017710631805145905)	(85, 0.0004724218891934577)	(90, 2.3972880439274265e-05)	(95, 9.821268142767257e-06)	(100, 0.0010127795926052892)	(105, 0.003942333545755645)	(110, 0.0023217969814890607)	(115, 0.002098430702769582)	(120, 0.0006862373946768565)	(125, 0.0015929547914405096)	(130, 0.0006837526128346556)	(135, 0.00010819646158929008)	(140, 9.14032918895574e-05)	(145, 0.0)																		
SRR26260919_2	(1, 0.897222832268242)	(2, 0.8869981349520104)	(3, 0.8716441606708486)	(4, 0.86459634226689)	(5, 0.8608156870782171)	(6, 0.8605617624759929)	(7, 0.8593993520746993)	(8, 0.8597153471352451)	(9, 0.8594388514572676)	(10, 0.8587944472445118)	(15, 0.8592165263610979)	(20, 0.8590370863088593)	(25, 0.8589208452687301)	(30, 0.8613754497568982)	(35, 0.1763302822482333)	(40, 0.0013855534027802604)	(45, 0.0006274092272357685)	(50, 0.00016744142688162076)	(55, 0.0006918891138611367)	(60, 0.00035377898148857185)	(65, 0.00022988242303210524)	(70, 0.0001124517617800306)	(75, 0.0002388153512584444)	(80, 2.326105851075027e-05)	(85, 4.70913935992742e-06)	(90, 0.00018441437258081124)	(95, 0.00011892539357654034)	(100, 0.0006224867335361654)	(105, 3.4230077094559485e-05)	(110, 0.00023376532335152634)	(115, 0.000513209328215569)	(120, 0.00015420664272683824)	(125, 1.6621969636249137e-05)	(130, 0.0003973726362787674)	(135, 0.0004543885447044156)	(140, 0.00015169679320564002)	(145, 0.0006619719980328399)																		
SRR26260920_1	(1, 7.844531757795722)	(2, 7.842377684125464)	(3, 7.842371814714917)	(4, 7.842371814714917)	(5, 7.842371814714917)	(6, 7.85645840002451)	(7, 7.842371814714917)	(8, 7.842371814714917)	(9, 7.842371814714917)	(10, 7.842411726706628)	(15, 7.842371814714917)	(20, 7.8427498047540585)	(25, 7.844325154544514)	(30, 7.846272624963565)	(35, 1.6751677966003613)	(40, 0.006528230385684004)	(45, 0.014480236178998813)	(50, 0.008745179360147437)	(55, 0.009917535735042457)	(60, 0.006233877354965454)	(65, 0.004370843890808778)	(70, 0.0022955825597250163)	(75, 0.001905505106727743)	(80, 0.001749457252182402)	(85, 0.0004855344650321404)	(90, 4.889348077144352e-05)	(95, 1.1171021298334077e-05)	(100, 0.000927164586693641)	(105, 0.0037203634784510487)	(110, 0.002169162011412866)	(115, 0.0020918979803993074)	(120, 0.0006837970656608565)	(125, 0.0016131382751589471)	(130, 0.0006943980545034932)	(135, 9.564137000250785e-05)	(140, 9.089731222543792e-05)	(145, 0.0)																		
SRR26260920_2	(1, 7.71039224918512)	(2, 7.700854457048417)	(3, 7.686996778750105)	(4, 7.680023919021855)	(5, 7.675833159892252)	(6, 7.675657077575881)	(7, 7.674336460203107)	(8, 7.674776665994032)	(9, 7.674471456645658)	(10, 7.673923253700693)	(15, 7.674362285609508)	(20, 7.67441511030442)	(25, 7.675230958370266)	(30, 7.682945711591486)	(35, 1.6430906682585504)	(40, 0.0014615456836504592)	(45, 0.0006578325062754295)	(50, 0.00017314494636943501)	(55, 0.0007417412275909078)	(60, 0.000379157718108339)	(65, 0.0002279015749944958)	(70, 0.00012730880628447706)	(75, 0.00023823144741853247)	(80, 3.4002439439628285e-05)	(85, 5.30865284002376e-06)	(90, 0.00018421366878425697)	(95, 0.0001252722705806438)	(100, 0.0006291456241385052)	(105, 2.865204854230064e-05)	(110, 0.00024344111946128294)	(115, 0.0005236848289011859)	(120, 0.00014446779104142587)	(125, 1.5469885392901055e-05)	(130, 0.00041572845415573177)	(135, 0.0004627451068058181)	(140, 0.0001828806439824243)	(145, 0.0006899328395533368)																		
SRR26260921_1	(1, 2.9620603384841795)	(2, 2.9596870764106735)	(3, 2.959668486890515)	(4, 2.959668486890515)	(5, 2.959668486890515)	(6, 2.9743232252817475)	(7, 2.959668486890515)	(8, 2.959668486890515)	(9, 2.959668486890515)	(10, 2.9597329305603965)	(15, 2.959668486890515)	(20, 2.9600972851554936)	(25, 2.961446884318965)	(30, 2.962816312303939)	(35, 0.6076107334767198)	(40, 0.006432444452789422)	(45, 0.014343646820397292)	(50, 0.008643300756150768)	(55, 0.009824728833517968)	(60, 0.006044720965261846)	(65, 0.004308831106774094)	(70, 0.002293525289052592)	(75, 0.0018350833708136983)	(80, 0.0017046228254748448)	(85, 0.00047480670299026857)	(90, 4.633163426145863e-05)	(95, 1.2621118918285968e-05)	(100, 0.0010156947424900522)	(105, 0.003914659746272382)	(110, 0.002299614645908403)	(115, 0.002356036348008343)	(120, 0.0007373650154255839)	(125, 0.0016408910363334694)	(130, 0.000731938392873882)	(135, 9.013068533385631e-05)	(140, 0.0001123919969105688)	(145, 0.0)																		
SRR26260921_2	(1, 2.870178536849851)	(2, 2.8606235234886332)	(3, 2.845937802563805)	(4, 2.838756051276093)	(5, 2.8352116494326323)	(6, 2.8348274660160335)	(7, 2.8337368808334302)	(8, 2.834096278223152)	(9, 2.834096278223152)	(10, 2.833306843267108)	(15, 2.8336476511366717)	(20, 2.833805042407343)	(25, 2.834418496572557)	(30, 2.840850470547229)	(35, 0.5861373716778546)	(40, 0.0012937350218114921)	(45, 0.0005678986519642938)	(50, 0.00014810639651991847)	(55, 0.0006428181639045486)	(60, 0.0003046359719813241)	(65, 0.0001963794030043045)	(70, 0.0001198831147365713)	(75, 0.00021674949785501063)	(80, 3.5405528895920804e-05)	(85, 3.99422174579737e-06)	(90, 0.00017133834022945221)	(95, 0.00014406945434533407)	(100, 0.0006289537021079173)	(105, 3.6467061369931355e-05)	(110, 0.00028260967619883945)	(115, 0.0005375861001737939)	(120, 0.0001718986269176572)	(125, 1.765536653894513e-05)	(130, 0.00043959552730994607)	(135, 0.0005508011151856232)	(140, 0.00020382223165207007)	(145, 0.0007332084668260935)																		
SRR26260922_1	(1, 0.44565680493122767)	(2, 0.44329461218808014)	(3, 0.44328234105694686)	(4, 0.44328234105694686)	(5, 0.44328234105694686)	(6, 0.45803224067909426)	(7, 0.44328234105694686)	(8, 0.44328234105694686)	(9, 0.44328234105694686)	(10, 0.443351059391293)	(15, 0.44328234105694686)	(20, 0.44336333052242616)	(25, 0.4438161352612426)	(30, 0.44434011256063166)	(35, 0.08972572140795271)	(40, 0.006472928262635361)	(45, 0.014647408037580219)	(50, 0.008835248880992849)	(55, 0.01019557807446305)	(60, 0.006230758207120096)	(65, 0.004507455625326309)	(70, 0.0022928491645382645)	(75, 0.0017599304199116376)	(80, 0.0016269013699254777)	(85, 0.0004340650735761427)	(90, 5.219445178718892e-05)	(95, 1.875102703728e-05)	(100, 0.0010393680320853742)	(105, 0.003992225419539626)	(110, 0.002421757126991945)	(115, 0.0025522223014737386)	(120, 0.0008748627299745693)	(125, 0.0016953492618877787)	(130, 0.0008097681633748257)	(135, 0.00011650192108431703)	(140, 0.00011656659075150877)	(145, 0.0)																		
SRR26260922_2	(1, 0.4631308956649529)	(2, 0.45287836560313594)	(3, 0.43842910869375284)	(4, 0.43181496901293964)	(5, 0.4281152229762696)	(6, 0.4278268513946386)	(7, 0.42664268724028154)	(8, 0.426875838731813)	(9, 0.4269985500431453)	(10, 0.4261984722932584)	(15, 0.42655678932234886)	(20, 0.4263432716406306)	(25, 0.4260818965474927)	(30, 0.42720470504618363)	(35, 0.08778401836349559)	(40, 0.0011585636029849036)	(45, 0.000516523373138753)	(50, 0.00013935758496511712)	(55, 0.0005381372765729009)	(60, 0.00025956176407519087)	(65, 0.00017098649593260296)	(70, 9.576534594895423e-05)	(75, 0.0001776710350218638)	(80, 4.6707449844562024e-05)	(85, 2.558558790442355e-06)	(90, 0.0002019865099595378)	(95, 0.0001563994525430992)	(100, 0.0006895645869477032)	(105, 3.0263381779291145e-05)	(110, 0.0002682403474127741)	(115, 0.0005248759920276634)	(120, 0.00018653636958639155)	(125, 2.379246644127514e-05)	(130, 0.00044227205652024596)	(135, 0.0004985543192253445)	(140, 0.00019787143105895512)	(145, 0.000678874638426396)																		
SRR26260923_1	(1, 3.9137839297528356)	(2, 3.911438997377014)	(3, 3.9114223074668657)	(4, 3.9114223074668657)	(5, 3.9114223074668657)	(6, 3.924432092427387)	(7, 3.9114223074668657)	(8, 3.9114223074668657)	(9, 3.9114223074668657)	(10, 3.9114790531613695)	(15, 3.9114223074668657)	(20, 3.9116025584964658)	(25, 3.91239699821952)	(30, 3.9138673793035768)	(35, 0.8090918624106868)	(40, 0.006176854016180056)	(45, 0.013475508788688237)	(50, 0.008094899583214488)	(55, 0.009349773074851029)	(60, 0.00567752057550078)	(65, 0.004064099519263278)	(70, 0.0022608395429199036)	(75, 0.001744701985823741)	(80, 0.0016446313057715807)	(85, 0.0004146022465008919)	(90, 5.7448216847562804e-05)	(95, 5.967547759179849e-06)	(100, 0.0009618890161997793)	(105, 0.003816710685989321)	(110, 0.002363154796869199)	(115, 0.002448291629777999)	(120, 0.0008229734040361435)	(125, 0.0018643413409926844)	(130, 0.0008866486007767857)	(135, 0.00010829405495512518)	(140, 0.0001194165209956686)	(145, 0.0)																		
SRR26260923_2	(1, 3.863956203005386)	(2, 3.854626543232542)	(3, 3.840740537989239)	(4, 3.8344234069981464)	(5, 3.8305930726191346)	(6, 3.830334379011837)	(7, 3.8293079495377227)	(8, 3.829675127560983)	(9, 3.8295416082797975)	(10, 3.8289491164695364)	(15, 3.8292562108162636)	(20, 3.8291977961307446)	(25, 3.829356350277153)	(30, 3.834351640384509)	(35, 0.795729693617806)	(40, 0.0011563717201690867)	(45, 0.0005177221054326474)	(50, 0.00014087627092788748)	(55, 0.0005942755613603634)	(60, 0.0003094448224216795)	(65, 0.00017922967717326263)	(70, 0.00011860895768483813)	(75, 0.00021295484874031838)	(80, 3.997809854386863e-05)	(85, 3.713150439756761e-06)	(90, 0.00018350451532930773)	(95, 0.0001250282851687995)	(100, 0.0006545810300958221)	(105, 1.7670351465057675e-05)	(110, 0.000251430532993355)	(115, 0.0005272796172769054)	(120, 0.00015920225926439844)	(125, 1.2183469280037073e-05)	(130, 0.00042857720671055473)	(135, 0.0004952544898212913)	(140, 0.0002019240290725371)	(145, 0.000753832947035141)																		
SRR26260924_1	(1, 0.2741456442017803)	(2, 0.2715558432856913)	(3, 0.2715386162285998)	(4, 0.2715386162285998)	(5, 0.2715386162285998)	(6, 0.2870027711444037)	(7, 0.2715386162285998)	(8, 0.2715386162285998)	(9, 0.2715386162285998)	(10, 0.271621306102639)	(15, 0.2715386162285998)	(20, 0.27172581691566083)	(25, 0.2725527156560529)	(30, 0.2738791990520984)	(35, 0.055623850402057126)	(40, 0.006640220887955677)	(45, 0.01494854441170029)	(50, 0.009007595098581633)	(55, 0.010286804109158089)	(60, 0.00643613000279431)	(65, 0.0046481206729169925)	(70, 0.0024242946366661586)	(75, 0.0019481036239321547)	(80, 0.0017369702607523835)	(85, 0.00046004228476849256)	(90, 4.320801059727075e-05)	(95, 1.1444864119134016e-05)	(100, 0.0010206397282559944)	(105, 0.004043616160047908)	(110, 0.0024497133189209513)	(115, 0.0025042925751703198)	(120, 0.0008023725684866286)	(125, 0.001753907110095624)	(130, 0.000823466529077324)	(135, 0.00014162160774943138)	(140, 0.00012847636607168092)	(145, 0.0)																		
SRR26260924_2	(1, 0.2833736044504609)	(2, 0.2732957760519329)	(3, 0.257831621136129)	(4, 0.25015409602568345)	(5, 0.24652492933174064)	(6, 0.2460712834949978)	(7, 0.24500894830768857)	(8, 0.24541091297315692)	(9, 0.2454223976778846)	(10, 0.24464718010876707)	(15, 0.24498253348681492)	(20, 0.24491821914033998)	(25, 0.2449205160812855)	(30, 0.24883335498200174)	(35, 0.053256559490454124)	(40, 0.0013669562813639164)	(45, 0.0005817469688678974)	(50, 0.00016022051691495833)	(55, 0.0006404732642744671)	(60, 0.0003156521129844942)	(65, 0.00020066561364002819)	(70, 0.00011772580415349691)	(75, 0.0002066758701623667)	(80, 3.679957688558747e-05)	(85, 2.4119382647035193e-06)	(90, 0.00022427069818302536)	(95, 0.00014838537309827974)	(100, 0.0006571705911340339)	(105, 3.722430901238986e-05)	(110, 0.000306110383054289)	(115, 0.000589205193360011)	(120, 0.0001829476035568673)	(125, 1.2515296597779195e-05)	(130, 0.0004539226147704217)	(135, 0.0005408677364543225)	(140, 0.00021038981364009644)	(145, 0.0007367232700863831)																		
SRR26260925_1	(1, 0.126895260859742)	(2, 0.12450947297945725)	(3, 0.12449078534593021)	(4, 0.12449078534593021)	(5, 0.12449078534593021)	(6, 0.13921041135405796)	(7, 0.12449078534593021)	(8, 0.12449078534593021)	(9, 0.12449078534593021)	(10, 0.12454435656204105)	(15, 0.12449078534593021)	(20, 0.12455432329992212)	(25, 0.1250140390846872)	(30, 0.12569302310283612)	(35, 0.025771862608398338)	(40, 0.006402404230038034)	(45, 0.01457944733163421)	(50, 0.00881447320271568)	(55, 0.010209819154892589)	(60, 0.006338022953201419)	(65, 0.004580534884059287)	(70, 0.0022816385640233197)	(75, 0.0018326603186152206)	(80, 0.0017197377435768917)	(85, 0.00047515702511612525)	(90, 3.840362182703483e-05)	(95, 1.2248237478626826e-05)	(100, 0.000966936072064646)	(105, 0.00376073153973729)	(110, 0.0022863351194305306)	(115, 0.002328319011758077)	(120, 0.0007735180742958133)	(125, 0.0017372075624451223)	(130, 0.0007809621945126919)	(135, 0.00011801069631468331)	(140, 0.00011084772590819607)	(145, 0.0)																		
SRR26260925_2	(1, 0.15345038810165848)	(2, 0.1432157941400191)	(3, 0.12812241546135064)	(4, 0.12138863818044245)	(5, 0.11779438333207608)	(6, 0.11750783961799487)	(7, 0.11623085132698083)	(8, 0.11650493661871067)	(9, 0.11651116582988635)	(10, 0.11574746453974818)	(15, 0.1161361673171105)	(20, 0.1159081781880807)	(25, 0.11561291357835353)	(30, 0.11696340656124059)	(35, 0.0257193665932564)	(40, 0.0013335346567319624)	(45, 0.0005727042063252372)	(50, 0.0001572770420991572)	(55, 0.0006433622937977002)	(60, 0.0003189901038511688)	(65, 0.00019939418028582217)	(70, 0.00012085439221117614)	(75, 0.00021918373039458544)	(80, 3.06929053835177e-05)	(85, 5.188539729855047e-06)	(90, 0.00020367261668883632)	(95, 0.00013039039495454366)	(100, 0.0006240194093647857)	(105, 2.0529738822422393e-05)	(110, 0.0002513909515327962)	(115, 0.000502907515716064)	(120, 0.00017399941981633457)	(125, 1.3014307055358901e-05)	(130, 0.0004388228489312848)	(135, 0.0005031250488405965)	(140, 0.00020036007699722613)	(145, 0.0006538666246337086)																		
SRR26260926_1	(1, 1.012559722407499)	(2, 1.010132062850032)	(3, 1.0101259632029027)	(4, 1.0101259632029027)	(5, 1.0101259632029027)	(6, 1.0249542053742648)	(7, 1.0101259632029027)	(8, 1.0101259632029027)	(9, 1.0101259632029027)	(10, 1.01018573974477)	(15, 1.0101259632029027)	(20, 1.0102028187567322)	(25, 1.010788384881146)	(30, 1.011456906206519)	(35, 0.2045515493174211)	(40, 0.006368517736063063)	(45, 0.014560708204443143)	(50, 0.008642036062216247)	(55, 0.00995028732272417)	(60, 0.006325058931700143)	(65, 0.00442205648424455)	(70, 0.0022896318641338173)	(75, 0.0018678501872554216)	(80, 0.0017129385824924525)	(85, 0.00045035557171661073)	(90, 4.4326965816843116e-05)	(95, 2.5429009813228873e-05)	(100, 0.0008880837545277205)	(105, 0.003682108073622122)	(110, 0.0022051463041220724)	(115, 0.0022182799506052153)	(120, 0.0008170440272379434)	(125, 0.0016476395990424784)	(130, 0.0007823784832925118)	(135, 0.00013104273010248297)	(140, 0.00012825083501577858)	(145, 0.0)																		
SRR26260926_2	(1, 1.0202208792019174)	(2, 1.010168660732808)	(3, 0.9950171372635921)	(4, 0.9879293472993295)	(5, 0.9842390607860945)	(6, 0.9840072741951805)	(7, 0.9827629461808004)	(8, 0.9830435299487489)	(9, 0.9829642345360678)	(10, 0.9822115380803106)	(15, 0.9825787368374953)	(20, 0.9824018470707451)	(25, 0.9822249573039951)	(30, 0.9840231332777168)	(35, 0.2009619889953)	(40, 0.0013591571884757814)	(45, 0.0005866722822871793)	(50, 0.0001553618231981219)	(55, 0.0006429356763834486)	(60, 0.0003237603374235179)	(65, 0.00020189344341505213)	(70, 0.00010567219894609014)	(75, 0.00022132770262319845)	(80, 3.9103632724957336e-05)	(85, 5.112516911247345e-06)	(90, 0.00017444705750514463)	(95, 0.00016827980668763717)	(100, 0.0006685299221769014)	(105, 4.036592576691835e-05)	(110, 0.00030985909674007575)	(115, 0.0006064777012262769)	(120, 0.0001899160220701064)	(125, 1.11335547079869e-05)	(130, 0.0005232176110958378)	(135, 0.0005923225879940768)	(140, 0.00022831512920317858)	(145, 0.0008874980934894787)																		
SRR26260927_1	(1, 0.17647073969509022)	(2, 0.17413544097834885)	(3, 0.17412346508749377)	(4, 0.17412346508749377)	(5, 0.17412346508749377)	(6, 0.18900350947493563)	(7, 0.17412346508749377)	(8, 0.17412346508749377)	(9, 0.17412346508749377)	(10, 0.17418334454176918)	(15, 0.17412346508749377)	(20, 0.17419412284353877)	(25, 0.17465998499780153)	(30, 0.1752408157042731)	(35, 0.03570420778244273)	(40, 0.006759749643061463)	(45, 0.014917078743466412)	(50, 0.008952146884751338)	(55, 0.010258871616423193)	(60, 0.006253864575313359)	(65, 0.004607106589890089)	(70, 0.0023939399701725264)	(75, 0.0019213901747728507)	(80, 0.0017113125389351385)	(85, 0.0004553944292841451)	(90, 5.901246741004415e-05)	(95, 2.115052175957747e-05)	(100, 0.001148497335658112)	(105, 0.004372138400763028)	(110, 0.002715327832647837)	(115, 0.0028652862136361325)	(120, 0.0009366082415609837)	(125, 0.001845883060095432)	(130, 0.0009608466931574437)	(135, 0.0001410237698921862)	(140, 0.00015558467419973625)	(145, 0.0)																		
SRR26260927_2	(1, 0.19978181124451125)	(2, 0.18959032812683474)	(3, 0.17428513961403738)	(4, 0.16729720730009587)	(5, 0.1639499458060999)	(6, 0.16362060880758508)	(7, 0.16254277863062752)	(8, 0.16281223617486693)	(9, 0.1628661276837148)	(10, 0.1621667356577779)	(15, 0.16244577391470136)	(20, 0.16230206322444035)	(25, 0.16202661773477342)	(30, 0.16374156530522144)	(35, 0.0350998907225241)	(40, 0.001226107372310095)	(45, 0.000519591946324832)	(50, 0.00012605767642927344)	(55, 0.0005599942712345711)	(60, 0.0002599911374317365)	(65, 0.0001641662378226072)	(70, 9.820872618238336e-05)	(75, 0.00018315805738119707)	(80, 3.825538087846991e-05)	(85, 3.7604143264615983e-06)	(90, 0.0001947458292746338)	(95, 0.00016491522302079304)	(100, 0.000665174846351468)	(105, 3.307315734952925e-05)	(110, 0.0003182532992017583)	(115, 0.0006183082634757242)	(120, 0.0001794593541289207)	(125, 9.376347615561047e-06)	(130, 0.0005208450814805384)	(135, 0.0005653967089572448)	(140, 0.00024428453057300355)	(145, 0.000817071569422432)																		
SRR26260934_1	(1, 0.26324118267884117)	(2, 0.26331109717385076)	(3, 0.26324118267884117)	(4, 0.26324118267884117)	(5, 0.26324118267884117)	(6, 0.26324118267884117)	(7, 0.26324118267884117)	(8, 0.26324118267884117)	(9, 0.26324118267884117)	(10, 0.26324118267884117)	(15, 0.26324118267884117)	(20, 0.26342470822824127)	(25, 0.4392981161495623)	(30, 0.27818103633119845)	(35, 0.05842438992916685)	(40, 0.0)	(45, 0.00015436116421856292)	(50, 0.31114135901536605)	(55, 0.0)	(60, 0.0)	(65, 6.172768960241865e-06)	(70, 2.8322935025036283e-05)	(75, 0.17003528631653594)	(80, 0.0)	(85, 1.1808153475475646e-05)	(90, 0.0)	(95, 1.791593727192835e-05)	(100, 7.74493527218752e-06)	(105, 1.2994376293827557e-05)	(110, 3.316902400820602e-05)	(115, 6.362604896168974e-05)	(120, 1.2374176142820131e-05)	(125, 2.5888680439248532e-05)	(130, 2.8354550776571354e-05)	(135, 9.322331618201267e-05)	(140, 0.0001526282558400613)	(145, 0.00016931134920180154)	(150, 7.729409708293182e-05)																	
SRR26260934_2	(1, 0.2616549975733116)	(2, 0.26091652571977303)	(3, 0.26214439903837855)	(4, 0.26091652571977303)	(5, 0.26091652571977303)	(6, 0.2609252650316492)	(7, 0.2609252650316492)	(8, 0.26102139746228736)	(9, 0.260960222279154)	(10, 0.2610144060127864)	(15, 0.26184464064102503)	(20, 0.2633014839307869)	(25, 0.26957281413314527)	(30, 0.2799035547019967)	(35, 0.06269386406680423)	(40, 0.005668033806941614)	(45, 0.00695385158702127)	(50, 0.008854918232714518)	(55, 0.011169393518444065)	(60, 0.010447765749516495)	(65, 0.010987668090666453)	(70, 0.012747885482994051)	(75, 0.013757863542020313)	(80, 0.014901124751827003)	(85, 0.017130492502749065)	(90, 0.015528362809802673)	(95, 0.014767092749632671)	(100, 0.017206480778174486)	(105, 0.018561609203538297)	(110, 0.020458765925748287)	(115, 0.022582574451834262)	(120, 0.022770836747929082)	(125, 0.1566118315375443)	(130, 0.026779694564393497)	(135, 0.026793851174315448)	(140, 0.027568000242348893)	(145, 0.025459347880088582)	(150, 0.03386319225536251)																	
SRR26260935_1	(1, 0.20739090376771063)	(2, 0.20746892013296953)	(3, 0.20739090376771063)	(4, 0.20739090376771063)	(5, 0.20739090376771063)	(6, 0.20739090376771063)	(7, 0.20739090376771063)	(8, 0.20739090376771063)	(9, 0.20739090376771063)	(10, 0.20739090376771063)	(15, 0.20739090376771063)	(20, 0.20750012667907308)	(25, 0.37917201777665294)	(30, 0.21667251074256091)	(35, 0.04511826705085195)	(40, 0.0)	(45, 0.00018697902041409564)	(50, 0.31029008577064066)	(55, 0.0)	(60, 0.0)	(65, 0.0)	(70, 1.4195528515772636e-05)	(75, 0.16952441680421676)	(80, 0.0)	(85, 4.043115884830615e-06)	(90, 0.0)	(95, 1.0062291453768844e-05)	(100, 0.0)	(105, 0.0)	(110, 7.375304346543425e-06)	(115, 5.387491268896962e-05)	(120, 2.5204466699294016e-05)	(125, 3.923930887911323e-05)	(130, 4.925011440018051e-05)	(135, 0.00011616336675385005)	(140, 0.0001296579606633105)	(145, 0.00015225761208845332)	(150, 5.042260191113763e-05)																	
SRR26260935_2	(1, 0.20798772896194118)	(2, 0.20700862357794209)	(3, 0.2087249836136377)	(4, 0.20700862357794209)	(5, 0.20700862357794209)	(6, 0.20700862357794209)	(7, 0.20712174730756747)	(8, 0.20730898658418878)	(9, 0.2071841603997746)	(10, 0.20771935266545058)	(15, 0.20893172698157372)	(20, 0.2108704336582572)	(25, 0.215822132361239)	(30, 0.22328127704364162)	(35, 0.0515327680481268)	(40, 0.006827236159370326)	(45, 0.00830001072140135)	(50, 0.010207296086953482)	(55, 0.012709302557009692)	(60, 0.012068735909433208)	(65, 0.012541188573640333)	(70, 0.013995288860041094)	(75, 0.015135964808877855)	(80, 0.015935731653886013)	(85, 0.01850565609994377)	(90, 0.01661607981612962)	(95, 0.015876987852045558)	(100, 0.018399980108501787)	(105, 0.019909572036956764)	(110, 0.021798674381658226)	(115, 0.02382550747647639)	(120, 0.0241605823956042)	(125, 0.15723186364329267)	(130, 0.028466267791795286)	(135, 0.028619547476889672)	(140, 0.02974875137586088)	(145, 0.027938147154171006)	(150, 0.03642792553714297)																	
SRR26260936_1	(1, 0.19807818103458438)	(2, 0.19817102955117996)	(3, 0.19807818103458438)	(4, 0.19807818103458438)	(5, 0.19807818103458438)	(6, 0.19807818103458438)	(7, 0.19807818103458438)	(8, 0.19807818103458438)	(9, 0.19807818103458438)	(10, 0.19807818103458438)	(15, 0.19807818103458438)	(20, 0.19821382060665446)	(25, 0.3705382452728398)	(30, 0.2092304989453216)	(35, 0.043836034820513174)	(40, 0.0)	(45, 0.00021695206440898793)	(50, 0.3139090964330972)	(55, 0.0)	(60, 0.0)	(65, 2.43334705524775e-05)	(70, 5.2792399557830356e-05)	(75, 0.1697527309493649)	(80, 0.0)	(85, 2.3809058379573055e-05)	(90, 0.0)	(95, 3.181282672243958e-05)	(100, 2.807283079109748e-05)	(105, 2.6935869656527342e-05)	(110, 6.157150669840437e-05)	(115, 0.00011337156499020815)	(120, 2.4869260860889257e-05)	(125, 2.9909582733205864e-05)	(130, 3.755648299435669e-05)	(135, 0.00011400646234669652)	(140, 0.0001871952227779147)	(145, 0.00021758407448638152)	(150, 0.000121690156455162)																	
SRR26260936_2	(1, 0.19815891887510229)	(2, 0.19738787249815637)	(3, 0.19903088755269557)	(4, 0.19738383560613046)	(5, 0.19738383560613046)	(6, 0.1974120938503117)	(7, 0.1974120938503117)	(8, 0.19756145885526985)	(9, 0.19746861033867424)	(10, 0.19747749150113122)	(15, 0.19824450098605123)	(20, 0.19969858949377858)	(25, 0.2049182908832607)	(30, 0.213923789614627)	(35, 0.04920364819103595)	(40, 0.006136444714218518)	(45, 0.007579718370435513)	(50, 0.00952625135741389)	(55, 0.011867674794182319)	(60, 0.011110048032640913)	(65, 0.011471345779562346)	(70, 0.013126625278823013)	(75, 0.014224349633227893)	(80, 0.015103177331849972)	(85, 0.017356566869923745)	(90, 0.015493642219827509)	(95, 0.014698029494670896)	(100, 0.01688792255136627)	(105, 0.017892602859011553)	(110, 0.019779582272420493)	(115, 0.02156965574123776)	(120, 0.021638964411540264)	(125, 0.15491296932159934)	(130, 0.025235044780146872)	(135, 0.025122878162670406)	(140, 0.025778846020168774)	(145, 0.02400887163086377)	(150, 0.03163572075924969)																	
SRR26260937_1	(1, 0.15698468791201584)	(2, 0.15706628482420218)	(3, 0.15698468791201584)	(4, 0.15698468791201584)	(5, 0.15698468791201584)	(6, 0.15698468791201584)	(7, 0.15698468791201584)	(8, 0.15698468791201584)	(9, 0.15698468791201584)	(10, 0.15698468791201584)	(15, 0.15698468791201584)	(20, 0.15709037534113338)	(25, 0.32879670043846293)	(30, 0.1637051650223723)	(35, 0.03383449600795281)	(40, 0.0)	(45, 5.8402219464997195e-05)	(50, 0.31673781686555696)	(55, 0.0)	(60, 0.0)	(65, 0.0)	(70, 0.0)	(75, 0.16912877369707732)	(80, 0.0)	(85, 0.0)	(90, 0.0)	(95, 0.0)	(100, 0.0)	(105, 0.0)	(110, 8.707088594069191e-07)	(115, 3.24615346369038e-05)	(120, 3.3758068916928904e-05)	(125, 4.696549296507795e-05)	(130, 5.3245407417218366e-05)	(135, 8.061164591504354e-05)	(140, 7.460610182507551e-05)	(145, 8.288819629299851e-05)	(150, 5.4515421504153164e-05)																	
SRR26260937_2	(1, 0.1576296920750126)	(2, 0.1568758920291007)	(3, 0.15873707874039855)	(4, 0.15684480749112498)	(5, 0.15684480749112498)	(6, 0.15684480749112498)	(7, 0.15684480749112498)	(8, 0.15684480749112498)	(9, 0.15684480749112498)	(10, 0.1568572413063153)	(15, 0.15746183556994356)	(20, 0.15844177562962897)	(25, 0.16180201418480722)	(30, 0.1668882217110888)	(35, 0.03837036506367016)	(40, 0.005593901484224392)	(45, 0.007118827068973164)	(50, 0.00891148177869531)	(55, 0.010984594466647485)	(60, 0.010434476621022218)	(65, 0.010929505594246052)	(70, 0.012474210480500523)	(75, 0.01323273311115622)	(80, 0.014387229395761775)	(85, 0.016563406418621997)	(90, 0.01491939833403248)	(95, 0.014153764839497254)	(100, 0.01634458202965048)	(105, 0.01762720709399109)	(110, 0.01926013983623782)	(115, 0.021052337966325232)	(120, 0.021231410175520733)	(125, 0.15393752242886896)	(130, 0.024697534654034885)	(135, 0.02445001637771678)	(140, 0.025300599901831648)	(145, 0.023507831738696028)	(150, 0.03098416160395536)																	
SRR26260938_1	(1, 0.11617965581224017)	(2, 0.11624399899302922)	(3, 0.11617965581224017)	(4, 0.11617965581224017)	(5, 0.11617965581224017)	(6, 0.11617965581224017)	(7, 0.11617965581224017)	(8, 0.11617965581224017)	(9, 0.11617965581224017)	(10, 0.11617965581224017)	(15, 0.11617965581224017)	(20, 0.11628501777078223)	(25, 0.29077728975262457)	(30, 0.12559306316167915)	(35, 0.027006024471634006)	(40, 8.055925134547646e-07)	(45, 0.0002989619107698458)	(50, 0.30618765437453344)	(55, 0.0)	(60, 0.0)	(65, 5.0136874475978686e-05)	(70, 8.511673910736162e-05)	(75, 0.17068271695199655)	(80, 0.0)	(85, 3.883022477280436e-05)	(90, 0.0)	(95, 4.863600411778009e-05)	(100, 7.175982365075845e-05)	(105, 6.327325567836794e-05)	(110, 0.0001523158568281718)	(115, 0.0002549543386623253)	(120, 0.00013674039995634666)	(125, 0.00011711896496782398)	(130, 0.00014157511717516794)	(135, 0.00024072420803988485)	(140, 0.00031332191876131364)	(145, 0.00039891140677374896)	(150, 0.00033865899293610257)																	
SRR26260938_2	(1, 0.11607911959225727)	(2, 0.1150335429044351)	(3, 0.11669440125855263)	(4, 0.1150335429044351)	(5, 0.1150335429044351)	(6, 0.11508984318762552)	(7, 0.1151099504316221)	(8, 0.11533515156438379)	(9, 0.11521852954920363)	(10, 0.11509788608522414)	(15, 0.11570834201296033)	(20, 0.11685365063100553)	(25, 0.12078743184649647)	(30, 0.12756357307334398)	(35, 0.030816313698478683)	(40, 0.004889772485008557)	(45, 0.006347231158801914)	(50, 0.008224215492309906)	(55, 0.010412695225129505)	(60, 0.009790988829884148)	(65, 0.01010535003284542)	(70, 0.011484524696190428)	(75, 0.012760905675701265)	(80, 0.01363065872065512)	(85, 0.015997532644709503)	(90, 0.014174919121462756)	(95, 0.013211028006927264)	(100, 0.0154188497060463)	(105, 0.016601107816962276)	(110, 0.01847946475470416)	(115, 0.02045676859149294)	(120, 0.020982396269579037)	(125, 0.15394072673870468)	(130, 0.024856598021503844)	(135, 0.02528902580296725)	(140, 0.026191340452100347)	(145, 0.024358587770074908)	(150, 0.03066059500117084)																	
SRR26260939_1	(1, 0.32024150016682973)	(2, 0.32030335440854624)	(3, 0.32024150016682973)	(4, 0.32024150016682973)	(5, 0.32024150016682973)	(6, 0.32024150016682973)	(7, 0.32024150016682973)	(8, 0.32024150016682973)	(9, 0.32024150016682973)	(10, 0.32024150016682973)	(15, 0.32024150016682973)	(20, 0.32059053481651556)	(25, 0.4988438558591165)	(30, 0.34905585685443963)	(35, 0.07593321362839889)	(40, 0.0)	(45, 0.0002815382650423786)	(50, 0.3088389205780419)	(55, 0.0)	(60, 0.0)	(65, 2.410527448314475e-05)	(70, 6.629232822266962e-05)	(75, 0.17077103220093848)	(80, 0.0)	(85, 2.84295598274179e-05)	(90, 0.0)	(95, 4.457580163912431e-05)	(100, 2.6232107261804137e-05)	(105, 3.201536769664807e-05)	(110, 7.660768023672684e-05)	(115, 0.00013130380839485302)	(120, 2.1332812842640763e-05)	(125, 2.5848976742406676e-05)	(130, 2.7118172069535134e-05)	(135, 0.0001504439028925071)	(140, 0.0002639734048299146)	(145, 0.00032152056409227224)	(150, 0.00012022705425683013)																	
SRR26260939_2	(1, 0.3193004320607147)	(2, 0.318288673392638)	(3, 0.32031660888891406)	(4, 0.318288673392638)	(5, 0.318288673392638)	(6, 0.31832401867361887)	(7, 0.31832843683374146)	(8, 0.31853167219938133)	(9, 0.3183726184349675)	(10, 0.31839559286760505)	(15, 0.3190910112709032)	(20, 0.3208432535755286)	(25, 0.3303582032155723)	(30, 0.3508708370328061)	(35, 0.07971369020934736)	(40, 0.006253344554208421)	(45, 0.007771076707853284)	(50, 0.009580951096331945)	(55, 0.01176521979546663)	(60, 0.01121176593427477)	(65, 0.011682128489345196)	(70, 0.013266242743436426)	(75, 0.014197445181939104)	(80, 0.015095229618072368)	(85, 0.01746666565570084)	(90, 0.015746025419277578)	(95, 0.014961915241205274)	(100, 0.01731451628960221)	(105, 0.018824151351177702)	(110, 0.0205060477368662)	(115, 0.022509517590191146)	(120, 0.022699182039246115)	(125, 0.15637416506486582)	(130, 0.026777509041506643)	(135, 0.02685487450320135)	(140, 0.027649756741435043)	(145, 0.025729466929948475)	(150, 0.03303815802875034)																	
SRR26260940_1	(1, 1.3607725521793093)	(2, 1.360827478819289)	(3, 1.3607725521793093)	(4, 1.3607725521793093)	(5, 1.3607725521793093)	(6, 1.3607725521793093)	(7, 1.3607725521793093)	(8, 1.3607725521793093)	(9, 1.3607725521793093)	(10, 1.3607725521793093)	(15, 1.3607725521793093)	(20, 1.3610072387319496)	(25, 1.5374126316891161)	(30, 1.3858670359867362)	(35, 0.28457675852795367)	(40, 0.0)	(45, 0.00013888855518463526)	(50, 0.31334459738729153)	(55, 0.0)	(60, 0.0)	(65, 0.0)	(70, 1.1208419667034942e-05)	(75, 0.16997111143173976)	(80, 0.0)	(85, 2.0675607309265507e-06)	(90, 0.0)	(95, 2.1158320284115617e-06)	(100, 0.0)	(105, 0.0)	(110, 3.3981941746954765e-06)	(115, 3.6321975803002725e-05)	(120, 7.30274491802894e-06)	(125, 1.3974439809489765e-05)	(130, 1.996625091297346e-05)	(135, 7.007358651555476e-05)	(140, 9.620008338623228e-05)	(145, 0.00013635599824020553)	(150, 2.4752864308634553e-05)																	
SRR26260940_2	(1, 1.3623354647532755)	(2, 1.3614366651899723)	(3, 1.36306948439664)	(4, 1.3614366651899723)	(5, 1.3614366651899723)	(6, 1.3614366651899723)	(7, 1.3614366651899723)	(8, 1.3614816051681375)	(9, 1.3614416585208795)	(10, 1.3616643610793424)	(15, 1.3626041059560852)	(20, 1.3646713449516825)	(25, 1.3741756510005236)	(30, 1.3906985829725818)	(35, 0.2894731900473434)	(40, 0.006317002571133537)	(45, 0.007787294579820971)	(50, 0.00977186553036757)	(55, 0.012294280110280149)	(60, 0.011543533894973076)	(65, 0.011967078818366082)	(70, 0.013530737556428677)	(75, 0.014546586952105981)	(80, 0.01564812269852846)	(85, 0.018036731492063935)	(90, 0.01619996658580805)	(95, 0.015479587049415999)	(100, 0.017868685686428236)	(105, 0.018960360977441287)	(110, 0.020579408067501456)	(115, 0.022282508787664405)	(120, 0.022645222789391056)	(125, 0.155541664512034)	(130, 0.02636504524159497)	(135, 0.026446520161380552)	(140, 0.027140591101154937)	(145, 0.025506397825506916)	(150, 0.03467201994050659)																	
SRR26260941_1	(1, 2.3604248484164465)	(2, 2.360506831018099)	(3, 2.3604248484164465)	(4, 2.3604248484164465)	(5, 2.3604248484164465)	(6, 2.3604248484164465)	(7, 2.3604248484164465)	(8, 2.3604248484164465)	(9, 2.3604248484164465)	(10, 2.3604248484164465)	(15, 2.3604248484164465)	(20, 2.360537802223168)	(25, 2.528867212689012)	(30, 2.3694119633931288)	(35, 0.48481110169087094)	(40, 0.0)	(45, 0.00018671176652044612)	(50, 0.3142993674742623)	(55, 0.0)	(60, 0.0)	(65, 0.0)	(70, 2.065102971947885e-05)	(75, 0.16892771794853045)	(80, 0.0)	(85, 4.782996455254365e-06)	(90, 0.0)	(95, 1.084900249832802e-05)	(100, 0.0)	(105, 0.0)	(110, 1.1802941353072888e-05)	(115, 8.136297381268043e-05)	(120, 3.8343124792475096e-05)	(125, 4.495139084159148e-05)	(130, 5.9860254325842666e-05)	(135, 0.00012988615652454854)	(140, 0.00017635367280437173)	(145, 0.0002136452831188378)	(150, 4.562894134239889e-05)																	
SRR26260941_2	(1, 2.360607031975674)	(2, 2.3596733412346342)	(3, 2.361508840593849)	(4, 2.359664232056673)	(5, 2.359664232056673)	(6, 2.359664232056673)	(7, 2.359664232056673)	(8, 2.3597553238362865)	(9, 2.359664232056673)	(10, 2.359692470508353)	(15, 2.360320092869891)	(20, 2.361551653730267)	(25, 2.3657855996467094)	(30, 2.372738635184619)	(35, 0.48952770755909614)	(40, 0.005668065520597445)	(45, 0.007244417149671376)	(50, 0.009219447936058198)	(55, 0.011446191328423382)	(60, 0.010711174079340267)	(65, 0.011122610500002782)	(70, 0.012632141379354365)	(75, 0.013750987177272776)	(80, 0.014708775441029602)	(85, 0.01696514932502149)	(90, 0.01514608017933548)	(95, 0.01441432188405462)	(100, 0.01671220229844985)	(105, 0.01791027010704328)	(110, 0.019572512517855092)	(115, 0.02173870572488821)	(120, 0.022275064683360907)	(125, 0.15516595155781895)	(130, 0.026026319759616348)	(135, 0.026084992616822254)	(140, 0.026610770408030174)	(145, 0.02448053927391982)	(150, 0.03200966461586042)																	
SRR26260942_1	(1, 0.21357803583791235)	(2, 0.21364043765985835)	(3, 0.21357803583791235)	(4, 0.21357803583791235)	(5, 0.21357803583791235)	(6, 0.21357803583791235)	(7, 0.21357803583791235)	(8, 0.21357803583791235)	(9, 0.21357803583791235)	(10, 0.21357803583791235)	(15, 0.21357803583791235)	(20, 0.21372390009671113)	(25, 0.3873281088187932)	(30, 0.2239780794879868)	(35, 0.04675580180760652)	(40, 0.0)	(45, 7.821962680461772e-05)	(50, 0.306478227876578)	(55, 0.0)	(60, 0.0)	(65, 0.0)	(70, 0.0)	(75, 0.17010764480265267)	(80, 0.0)	(85, 0.0)	(90, 0.0)	(95, 0.0)	(100, 0.0)	(105, 0.0)	(110, 0.0)	(115, 1.3694953636008363e-05)	(120, 7.6124348056809926e-06)	(125, 1.293765409181425e-05)	(130, 2.401361943911264e-05)	(135, 5.382435675609697e-05)	(140, 7.412847184607009e-05)	(145, 7.773549579774447e-05)	(150, 3.7611822298432135e-05)																	
SRR26260942_2	(1, 0.21539158878821785)	(2, 0.21459596555840643)	(3, 0.21602730734929268)	(4, 0.21459596555840643)	(5, 0.21459596555840643)	(6, 0.21459596555840643)	(7, 0.21459596555840643)	(8, 0.21459596555840643)	(9, 0.21459596555840643)	(10, 0.214604545808924)	(15, 0.215223883891738)	(20, 0.21618565197248063)	(25, 0.22037359424783126)	(30, 0.22815432142172257)	(35, 0.05107370804897365)	(40, 0.004609257038206072)	(45, 0.00609876083145047)	(50, 0.00822104651598316)	(55, 0.010664510803140051)	(60, 0.009810047357447475)	(65, 0.010481383205698353)	(70, 0.012061593879535313)	(75, 0.012985979301648774)	(80, 0.013836830133954679)	(85, 0.016051963125783265)	(90, 0.014465259775790405)	(95, 0.013625810240770368)	(100, 0.015902541547333844)	(105, 0.017344874043001945)	(110, 0.01890253259448552)	(115, 0.020806664907712588)	(120, 0.020984726177614297)	(125, 0.15275565230715474)	(130, 0.02463392070753801)	(135, 0.024855547688506435)	(140, 0.02549239244555027)	(145, 0.02334928627921492)	(150, 0.030103590384337863)																	
SRR26260943_1	(1, 0.6200821869123996)	(2, 0.620176103184556)	(3, 0.6200821869123996)	(4, 0.6200821869123996)	(5, 0.6200821869123996)	(6, 0.6200821869123996)	(7, 0.6200821869123996)	(8, 0.6200821869123996)	(9, 0.6200821869123996)	(10, 0.6200821869123996)	(15, 0.6200821869123996)	(20, 0.6202011475237977)	(25, 0.793784245443603)	(30, 0.6298666971998903)	(35, 0.12829639477871285)	(40, 0.0)	(45, 7.170524674224547e-05)	(50, 0.30463406092540923)	(55, 0.0)	(60, 0.0)	(65, 0.0)	(70, 0.0)	(75, 0.17045424391811093)	(80, 0.0)	(85, 0.0)	(90, 0.0)	(95, 0.0)	(100, 0.0)	(105, 0.0)	(110, 0.0)	(115, 1.3450056992823167e-05)	(120, 5.584115306471418e-06)	(125, 1.74653669535696e-05)	(130, 1.9293846242972787e-05)	(135, 4.4820336241522196e-05)	(140, 4.8377263451213727e-05)	(145, 3.653895781246034e-05)	(150, 9.228839977267521e-06)																	
SRR26260943_2	(1, 0.6173703545538846)	(2, 0.6166033716646077)	(3, 0.6180316816369857)	(4, 0.6166033716646077)	(5, 0.6166033716646077)	(6, 0.6166033716646077)	(7, 0.6166033716646077)	(8, 0.6166033716646077)	(9, 0.6166033716646077)	(10, 0.6166965053011627)	(15, 0.6174689666396488)	(20, 0.6188777107219943)	(25, 0.6237715311369422)	(30, 0.6310719560258969)	(35, 0.1326460902766082)	(40, 0.00583675426296356)	(45, 0.007321557214219026)	(50, 0.0092181072345977)	(55, 0.011608309067428864)	(60, 0.010787350457534395)	(65, 0.011314761110405852)	(70, 0.012994117543464094)	(75, 0.013886067630955356)	(80, 0.015020921731342497)	(85, 0.01718033531583066)	(90, 0.01542872872757084)	(95, 0.014714916567595566)	(100, 0.016788691043734656)	(105, 0.017795760435098652)	(110, 0.01968669583576019)	(115, 0.02148468020079955)	(120, 0.021634452431767218)	(125, 0.15367381287955653)	(130, 0.02521560287959895)	(135, 0.025188354680119065)	(140, 0.02578293093345984)	(145, 0.023731486122351313)	(150, 0.031609062544742994)																	
SRR26260944_1	(1, 0.17989365725493667)	(2, 0.17997227015425388)	(3, 0.17989365725493667)	(4, 0.17989365725493667)	(5, 0.17989365725493667)	(6, 0.17989365725493667)	(7, 0.17989365725493667)	(8, 0.17989365725493667)	(9, 0.17989365725493667)	(10, 0.17989365725493667)	(15, 0.17989365725493667)	(20, 0.17997227015425388)	(25, 0.3528495552475221)	(30, 0.18750065154712747)	(35, 0.03901672378493004)	(40, 0.0)	(45, 0.00020763066968949515)	(50, 0.30837639734940137)	(55, 0.0)	(60, 0.0)	(65, 0.0)	(70, 2.2725286612347723e-05)	(75, 0.16936753712415167)	(80, 0.0)	(85, 7.696112262713816e-06)	(90, 0.0)	(95, 1.509860955826106e-05)	(100, 0.0)	(105, 0.0)	(110, 1.486280027814088e-05)	(115, 5.6241416001052906e-05)	(120, 4.270197060626934e-06)	(125, 1.1692708006349751e-05)	(130, 1.617797477602498e-05)	(135, 9.003409834092751e-05)	(140, 0.00014795410467992657)	(145, 0.00020263006717364472)	(150, 1.767785937386613e-05)																	
SRR26260944_2	(1, 0.18012266004859986)	(2, 0.17909727440533188)	(3, 0.18125058425619464)	(4, 0.1790870205488992)	(5, 0.1790870205488992)	(6, 0.1790870205488992)	(7, 0.1790870205488992)	(8, 0.1792032309218029)	(9, 0.1790870205488992)	(10, 0.17915469600135486)	(15, 0.17979180228103872)	(20, 0.18101679632952955)	(25, 0.1846671692195636)	(30, 0.19109360284113855)	(35, 0.04402695921714477)	(40, 0.006188289656896915)	(45, 0.00760281918702681)	(50, 0.009465956170874925)	(55, 0.011712808626300433)	(60, 0.011046629729484208)	(65, 0.011681471421424837)	(70, 0.013263761438289784)	(75, 0.01427253543909309)	(80, 0.015229568525993498)	(85, 0.017540302465619398)	(90, 0.015799725512583598)	(95, 0.014983313644874758)	(100, 0.017361523570178852)	(105, 0.01882937022279464)	(110, 0.02061034460425756)	(115, 0.022726180824501372)	(120, 0.023190690379700837)	(125, 0.15651058793303915)	(130, 0.027465262518372786)	(135, 0.027952434675073135)	(140, 0.02922742437625281)	(145, 0.027569800692331798)	(150, 0.03625580382729287)																	
SRR26260945_1	(1, 0.7261637956239173)	(2, 0.7262857337641444)	(3, 0.7261637956239173)	(4, 0.7261637956239173)	(5, 0.7261637956239173)	(6, 0.7261637956239173)	(7, 0.7261637956239173)	(8, 0.7261637956239173)	(9, 0.7261637956239173)	(10, 0.7261637956239173)	(15, 0.7261637956239173)	(20, 0.7265506720870017)	(25, 0.9047632640290524)	(30, 0.7606079946524582)	(35, 0.15997187637280555)	(40, 0.0)	(45, 0.0003010356645233039)	(50, 0.31343426762826243)	(55, 0.0)	(60, 0.0)	(65, 2.588641267218685e-05)	(70, 6.552939497828135e-05)	(75, 0.1710895119562669)	(80, 0.0)	(85, 2.9053338454623412e-05)	(90, 0.0)	(95, 4.242598317518846e-05)	(100, 2.6227530219172978e-05)	(105, 3.496226813752152e-05)	(110, 0.00012413213925591336)	(115, 0.00026137659650061384)	(120, 0.0001559124611222998)	(125, 0.00014244786130424667)	(130, 0.00018366362975821376)	(135, 0.00029303685303406937)	(140, 0.0003340952696365335)	(145, 0.0004302339989705785)	(150, 0.00027198639826243003)																	
SRR26260945_2	(1, 0.7300547308257124)	(2, 0.7288464347089156)	(3, 0.7307198479542244)	(4, 0.7288464347089156)	(5, 0.7288464347089156)	(6, 0.7288852332080789)	(7, 0.7288852332080789)	(8, 0.7291845359159093)	(9, 0.728979458134618)	(10, 0.7288863417366264)	(15, 0.7295381565225681)	(20, 0.7309127319214929)	(25, 0.7410757216451561)	(30, 0.7622818727592134)	(35, 0.16288734109982456)	(40, 0.00572888225716977)	(45, 0.007202652213896485)	(50, 0.009198204855274953)	(55, 0.011809579237591855)	(60, 0.01098599483200306)	(65, 0.011534712644340299)	(70, 0.013122962052785006)	(75, 0.014066388992966533)	(80, 0.015002195816579345)	(85, 0.017514468544720743)	(90, 0.015642656204637406)	(95, 0.014847177063842426)	(100, 0.017397342353718852)	(105, 0.018587279275087826)	(110, 0.020669298706637924)	(115, 0.022882330693635197)	(120, 0.023326255782311876)	(125, 0.1575843841345802)	(130, 0.027861379379832827)	(135, 0.027967835270607838)	(140, 0.029123664823535202)	(145, 0.02725472309482796)	(150, 0.03477988639581634)																	
SRR26260946_1	(1, 0.8510446711460334)	(2, 0.8511440905932729)	(3, 0.8510446711460334)	(4, 0.8510446711460334)	(5, 0.8510446711460334)	(6, 0.8510446711460334)	(7, 0.8510446711460334)	(8, 0.8510446711460334)	(9, 0.8510446711460334)	(10, 0.8510446711460334)	(15, 0.8510446711460334)	(20, 0.8513798567110116)	(25, 1.028657513638928)	(30, 0.8811304161584439)	(35, 0.18307040545890052)	(40, 2.8683316863611817e-06)	(45, 0.00033002656756915875)	(50, 0.31576216443090943)	(55, 1.4368136278439194e-06)	(60, 0.0)	(65, 4.3195564057466454e-05)	(70, 9.231853529719861e-05)	(75, 0.16977063259666733)	(80, 0.0)	(85, 4.092694921063535e-05)	(90, 0.0)	(95, 5.973783543149288e-05)	(100, 4.25119335932017e-05)	(105, 4.6519643710390655e-05)	(110, 0.000152705383451728)	(115, 0.00027699757704154916)	(120, 0.00015250026213100613)	(125, 0.00013005168412097935)	(130, 0.00016814359184941485)	(135, 0.0002498160991181797)	(140, 0.00033110607320144925)	(145, 0.0004266493777190188)	(150, 0.00028973087542827857)																	
SRR26260946_2	(1, 0.8515204642149641)	(2, 0.8501996058445)	(3, 0.85206727117478)	(4, 0.8501996058445)	(5, 0.8501996058445)	(6, 0.8502422141790311)	(7, 0.8502351127899426)	(8, 0.8506043850225455)	(9, 0.8503629377935359)	(10, 0.8502493155681197)	(15, 0.8510617144798459)	(20, 0.852656686469127)	(25, 0.8633428567695269)	(30, 0.8835008598361909)	(35, 0.18700528737504118)	(40, 0.005525364506274479)	(45, 0.006916895487832598)	(50, 0.009024517169667928)	(55, 0.01165843165720332)	(60, 0.010680599797638007)	(65, 0.01130285265947658)	(70, 0.012839370916978727)	(75, 0.014040474574982772)	(80, 0.014756577038771935)	(85, 0.017270080220238678)	(90, 0.015300317046986025)	(95, 0.014289490932667803)	(100, 0.016467025608364775)	(105, 0.01778537171388134)	(110, 0.019259594421715615)	(115, 0.020904651923788098)	(120, 0.020624958240976803)	(125, 0.15321595716496628)	(130, 0.024176911199427695)	(135, 0.023865400359594353)	(140, 0.0241848855461178)	(145, 0.022389350091807893)	(150, 0.029070683451929546)																	
SRR26260947_1	(1, 0.8772633494755835)	(2, 0.8773217480476427)	(3, 0.8772633494755835)	(4, 0.8772633494755835)	(5, 0.8772633494755835)	(6, 0.8772633494755835)	(7, 0.8772633494755835)	(8, 0.8772633494755835)	(9, 0.8772633494755835)	(10, 0.8772633494755835)	(15, 0.8772633494755835)	(20, 0.877465089997243)	(25, 1.054793946743794)	(30, 0.8959413364046027)	(35, 0.18359615285976522)	(40, 0.0)	(45, 5.790327729332632e-05)	(50, 0.3112323609313668)	(55, 0.0)	(60, 0.0)	(65, 0.0)	(70, 0.0)	(75, 0.1705172482085765)	(80, 0.0)	(85, 0.0)	(90, 0.0)	(95, 0.0)	(100, 0.0)	(105, 0.0)	(110, 0.0)	(115, 2.0808114968996828e-05)	(120, 1.2667752233916937e-05)	(125, 2.762598941001108e-05)	(130, 3.6992277903090264e-05)	(135, 7.874383707779845e-05)	(140, 9.751460915116998e-05)	(145, 9.203865474945859e-05)	(150, 6.0723628912074255e-05)																	
SRR26260947_2	(1, 0.8788348019600897)	(2, 0.8781817997452442)	(3, 0.8794453324861647)	(4, 0.8781817997452442)	(5, 0.8781817997452442)	(6, 0.8781817997452442)	(7, 0.8781817997452442)	(8, 0.8781817997452442)	(9, 0.8781817997452442)	(10, 0.8782168388884798)	(15, 0.8788071953623889)	(20, 0.8801291266753688)	(25, 0.88769864340648)	(30, 0.9005272169995908)	(35, 0.18796131100800173)	(40, 0.005083115531337305)	(45, 0.006525786033393925)	(50, 0.00861134555073883)	(55, 0.010845075404287585)	(60, 0.010355631654820811)	(65, 0.010781918231914172)	(70, 0.012396526681620872)	(75, 0.013230633513146121)	(80, 0.014366678303387169)	(85, 0.016652230664283833)	(90, 0.01485632002334087)	(95, 0.013955202197922081)	(100, 0.016124997147821098)	(105, 0.017449603545863036)	(110, 0.01902748233782672)	(115, 0.020678128117895028)	(120, 0.02059893559806125)	(125, 0.15493915505920305)	(130, 0.023947418635123507)	(135, 0.02363690548637967)	(140, 0.024269320475173353)	(145, 0.02234745716803191)	(150, 0.029515432949306385)																	
SRR26260948_1	(1, 1.153292990462886)	(2, 1.153352155798896)	(3, 1.153292990462886)	(4, 1.153292990462886)	(5, 1.153292990462886)	(6, 1.153292990462886)	(7, 1.153292990462886)	(8, 1.153292990462886)	(9, 1.153292990462886)	(10, 1.153292990462886)	(15, 1.153292990462886)	(20, 1.1537916697235424)	(25, 1.334015199743865)	(30, 1.1951364065273904)	(35, 0.24938812760964602)	(40, 0.0)	(45, 0.00021603120972025228)	(50, 0.30309250920533415)	(55, 0.0)	(60, 0.0)	(65, 8.617340184187719e-07)	(70, 1.555895991361043e-05)	(75, 0.16878314852927492)	(80, 0.0)	(85, 7.062116345012279e-06)	(90, 0.0)	(95, 1.1837638914806488e-05)	(100, 0.0)	(105, 9.585347178830554e-07)	(110, 9.919849500804901e-06)	(115, 8.159072499772811e-05)	(120, 4.540134677041681e-05)	(125, 6.253421758687776e-05)	(130, 7.927179963980575e-05)	(135, 0.00013130318384470103)	(140, 0.0001712049381808861)	(145, 0.00022478623759211602)	(150, 8.894518130585757e-05)																	
SRR26260948_2	(1, 1.152642171766775)	(2, 1.1516067783865986)	(3, 1.1536353041926586)	(4, 1.1516067783865986)	(5, 1.1516067783865986)	(6, 1.1516067783865986)	(7, 1.1516067783865986)	(8, 1.1516997524860428)	(9, 1.1516067783865986)	(10, 1.1516186114538005)	(15, 1.1522770371216842)	(20, 1.1536429111644313)	(25, 1.1661699032359383)	(30, 1.193951409369017)	(35, 0.2514644691648627)	(40, 0.005756901959779776)	(45, 0.00725404582964571)	(50, 0.00922287641855122)	(55, 0.011477700934077762)	(60, 0.010752523253631864)	(65, 0.011204534688665644)	(70, 0.012759167952578792)	(75, 0.013960052164756119)	(80, 0.014867167365943578)	(85, 0.017326611812829282)	(90, 0.01547660369196143)	(95, 0.01465773799431255)	(100, 0.016904619200003638)	(105, 0.018333253386713717)	(110, 0.020232998481076923)	(115, 0.02241506196319216)	(120, 0.02285889091178109)	(125, 0.15530521391650803)	(130, 0.027113440872862726)	(135, 0.027402900000654)	(140, 0.02841910025386643)	(145, 0.026472428217831925)	(150, 0.03426555740016613)																	
SRR26260949_1	(1, 0.8717894954730654)	(2, 0.8718342026266794)	(3, 0.8717894954730654)	(4, 0.8717894954730654)	(5, 0.8717894954730654)	(6, 0.8717894954730654)	(7, 0.8717894954730654)	(8, 0.8717894954730654)	(9, 0.8717894954730654)	(10, 0.8717894954730654)	(15, 0.8717894954730654)	(20, 0.8721233088867165)	(25, 1.0495302358578047)	(30, 0.8989014036630507)	(35, 0.18664045985984531)	(40, 0.0)	(45, 7.98111529580897e-05)	(50, 0.3048697197779204)	(55, 0.0)	(60, 0.0)	(65, 0.0)	(70, 0.0)	(75, 0.16948345153790229)	(80, 0.0)	(85, 0.0)	(90, 0.0)	(95, 0.0)	(100, 0.0)	(105, 0.0)	(110, 0.0)	(115, 4.540599158939369e-05)	(120, 3.9924947183097254e-05)	(125, 6.787091765912246e-05)	(130, 7.985799399324982e-05)	(135, 0.0001486130597474851)	(140, 0.0001618988662832448)	(145, 0.00015781255106635977)	(150, 3.817953122789763e-05)																	
SRR26260949_2	(1, 0.8688686281036171)	(2, 0.8678776195318402)	(3, 0.8695913937537103)	(4, 0.8678776195318402)	(5, 0.8678776195318402)	(6, 0.8678776195318402)	(7, 0.8678776195318402)	(8, 0.8678776195318402)	(9, 0.8678776195318402)	(10, 0.8678820902472015)	(15, 0.8685392854053273)	(20, 0.8697180640222832)	(25, 0.8775686401969022)	(30, 0.8973843409170823)	(35, 0.18909495945268945)	(40, 0.004669610743626105)	(45, 0.006124859599111679)	(50, 0.008159582757264933)	(55, 0.010485866506853316)	(60, 0.009734538383662155)	(65, 0.010511045585087987)	(70, 0.012236760553315575)	(75, 0.013325412944018263)	(80, 0.01437026166105256)	(85, 0.016852061997181058)	(90, 0.015257427524521252)	(95, 0.01429834555244787)	(100, 0.016672733974604035)	(105, 0.018237792835369252)	(110, 0.019836871152385048)	(115, 0.021925071720359422)	(120, 0.022164936126340514)	(125, 0.15493494110894623)	(130, 0.026006190470990596)	(135, 0.026334492389895298)	(140, 0.026696063633886397)	(145, 0.024812160957332872)	(150, 0.032528056406485)																	
SRR26260950_1	(1, 0.33647666215151145)	(2, 0.33654066151663775)	(3, 0.33647666215151145)	(4, 0.33647666215151145)	(5, 0.33647666215151145)	(6, 0.33647666215151145)	(7, 0.33647666215151145)	(8, 0.33647666215151145)	(9, 0.33647666215151145)	(10, 0.33647666215151145)	(15, 0.33647666215151145)	(20, 0.3367692306778031)	(25, 0.5131725093287074)	(30, 0.3536623202412118)	(35, 0.07335414239345715)	(40, 9.178867592274077e-07)	(45, 0.00033143847539256156)	(50, 0.31051834478359835)	(55, 0.0)	(60, 0.0)	(65, 4.327031558118308e-05)	(70, 8.025762142978122e-05)	(75, 0.1696837604382333)	(80, 0.0)	(85, 3.561146764229593e-05)	(90, 0.0)	(95, 4.807596802932741e-05)	(100, 6.0779655143687126e-05)	(105, 4.920900689123937e-05)	(110, 9.817923203749975e-05)	(115, 0.0001688017957092293)	(120, 3.3246510440723055e-05)	(125, 2.882615691935922e-05)	(130, 4.090519884504412e-05)	(135, 0.00015997572802906891)	(140, 0.0002683992902993899)	(145, 0.0003149133889858914)	(150, 0.0001382419137785184)																	
SRR26260950_2	(1, 0.33747322369419236)	(2, 0.3364583766186182)	(3, 0.3389954943075536)	(4, 0.3363395206548122)	(5, 0.3363395206548122)	(6, 0.3364035200199385)	(7, 0.33640809140316186)	(8, 0.336618375031434)	(9, 0.3364629480018415)	(10, 0.33636786323079676)	(15, 0.33704259939455683)	(20, 0.33823207330926136)	(25, 0.3454850299313602)	(30, 0.3581157617773575)	(35, 0.07847737999885793)	(40, 0.006168231010825465)	(45, 0.007495562661792923)	(50, 0.009139406617665144)	(55, 0.011429727514799861)	(60, 0.01081449844202626)	(65, 0.011195271750629225)	(70, 0.012702114005758285)	(75, 0.013769714167516297)	(80, 0.01463483818906576)	(85, 0.017021012185169014)	(90, 0.015184609050720175)	(95, 0.0142566160717125)	(100, 0.01638452776305626)	(105, 0.017645559993153266)	(110, 0.019305267578089157)	(115, 0.021124138439401127)	(120, 0.021328527030977356)	(125, 0.15484276907200095)	(130, 0.02486599657599041)	(135, 0.024754802688277233)	(140, 0.02517204835238058)	(145, 0.023241045111428073)	(150, 0.030223127158669913)																	
SRR26260951_1	(1, 0.46592150762941725)	(2, 0.4659729274594748)	(3, 0.46592150762941725)	(4, 0.46592150762941725)	(5, 0.46592150762941725)	(6, 0.46592150762941725)	(7, 0.46592150762941725)	(8, 0.46592150762941725)	(9, 0.46592150762941725)	(10, 0.46592150762941725)	(15, 0.46592150762941725)	(20, 0.46608605108560114)	(25, 0.6398850766798215)	(30, 0.48264709285135815)	(35, 0.10008533307586692)	(40, 0.0)	(45, 8.662201573257494e-05)	(50, 0.30940292486142557)	(55, 0.0)	(60, 0.0)	(65, 0.0)	(70, 2.5950188535256007e-06)	(75, 0.1695031314141183)	(80, 0.0)	(85, 0.0)	(90, 0.0)	(95, 0.0)	(100, 0.0)	(105, 0.0)	(110, 0.0)	(115, 1.777229917035353e-05)	(120, 7.70391334145223e-06)	(125, 1.9328193547891424e-05)	(130, 2.5369978000169877e-05)	(135, 6.245354014234304e-05)	(140, 6.614628939821825e-05)	(145, 6.990672407489091e-05)	(150, 0.0)																	
SRR26260951_2	(1, 0.4646874317080382)	(2, 0.46387756938463315)	(3, 0.4653944543713283)	(4, 0.46387756938463315)	(5, 0.46387756938463315)	(6, 0.46387756938463315)	(7, 0.46387756938463315)	(8, 0.46389685182090473)	(9, 0.46387756938463315)	(10, 0.46390585029116477)	(15, 0.4645293157306115)	(20, 0.46577239012225063)	(25, 0.47200833001246933)	(30, 0.4842436785746423)	(35, 0.10368536811797098)	(40, 0.005182396245163943)	(45, 0.006525996198555502)	(50, 0.008301682119448027)	(55, 0.01040381365691967)	(60, 0.009895556825079723)	(65, 0.010453479399415735)	(70, 0.011976869578182982)	(75, 0.012936408418212069)	(80, 0.013921204443298796)	(85, 0.01593751863066414)	(90, 0.014442490507973641)	(95, 0.013617571144849884)	(100, 0.015797056122181827)	(105, 0.016917975793758564)	(110, 0.01827844829594101)	(115, 0.020168223559777165)	(120, 0.02045777851218589)	(125, 0.15377098652842341)	(130, 0.023867271826609953)	(135, 0.023857802795695854)	(140, 0.024658541264209806)	(145, 0.02261626719402791)	(150, 0.02983260784071867)																	
SRR26260989_1	(1, 0.001956483888994548)	(2, 0.0017792860017560128)	(3, 0.0017080414903920657)	(4, 0.0017299628785040493)	(5, 0.0057434036853397374)	(6, 0.003226097617146939)	(7, 0.001980232059449197)	(8, 0.001793900260497335)	(9, 0.0019765784947638667)	(10, 0.0020076337945891766)	(15, 0.0018958347152180596)	(20, 0.002010191289868908)	(25, 0.004792380797748176)	(30, 0.0029414849281596835)	(35, 0.00409613359187313)	(40, 0.0028433887976838986)	(45, 0.0006482347604621098)	(50, 0.003506780576792126)	(55, 0.0030673254648482568)	(60, 0.0005906418377866892)	(65, 0.00237783454470895)	(70, 0.003610177448084162)	(75, 0.0030590683069588666)	(80, 0.0034350349789121926)	(85, 0.004102558015734086)	(90, 0.006070691033864869)	(95, 0.004975052039685579)	(100, 0.003871047320743865)	(105, 0.0037230963316369683)	(110, 0.0038816328200889463)	(115, 0.0033486674707873397)	(120, 0.003502905335869548)	(125, 0.003624582775245142)	(130, 0.003459387462887182)	(135, 0.0011655569044796519)	(140, 0.0009353706713281425)	(145, 0.0005273603910382936)																		
SRR26260989_2	(1, 0.003142065629384335)	(2, 0.0018066877368959923)	(3, 0.001810341301581323)	(4, 0.002420486604031537)	(5, 0.003927582036730419)	(6, 0.006253075958943359)	(7, 0.009250825783257135)	(8, 0.017248478879445868)	(9, 0.02139527479729612)	(10, 0.04422786194180131)	(15, 0.07286230980661151)	(20, 0.09569855051580203)	(25, 0.09575152720373933)	(30, 0.11197043155485903)	(35, 0.11147442998287922)	(40, 0.08626589638224287)	(45, 0.09100931993769473)	(50, 0.08054277259830198)	(55, 0.06863416275725379)	(60, 0.06742159724422034)	(65, 0.05924821701691514)	(70, 0.04601614120471047)	(75, 0.043394368205642596)	(80, 0.036430831503258695)	(85, 0.04066032420447643)	(90, 0.03691354951721574)	(95, 0.03917374864810138)	(100, 0.0409553222196204)	(105, 0.04148465704204137)	(110, 0.05085540781949368)	(115, 0.047681093571041396)	(120, 0.049332652395508526)	(125, 0.05859405840376537)	(130, 0.04562086393911598)	(135, 0.051557811435501734)	(140, 0.04441951616895385)	(145, 0.04530343928710088)																		
SRR26260990_1	(1, 0.0084331560863105)	(2, 0.00823615975278913)	(3, 0.0081762043469348)	(4, 0.008205325544064045)	(5, 0.012518688742384142)	(6, 0.009769305131064145)	(7, 0.00850338956173986)	(8, 0.008289263112260109)	(9, 0.008440008132693853)	(10, 0.008471527546057272)	(15, 0.008367719043349488)	(20, 0.008518121461464065)	(25, 0.01142647254887783)	(30, 0.009542502395775192)	(35, 0.005629080033717878)	(40, 0.0029416357805760237)	(45, 0.000659994662061864)	(50, 0.0036193847088495305)	(55, 0.0031467356038474867)	(60, 0.0006160214064933488)	(65, 0.0024708238544381266)	(70, 0.0037863518806947605)	(75, 0.0031818125532968302)	(80, 0.0035780266531982826)	(85, 0.004321997598500116)	(90, 0.006218095996751332)	(95, 0.005289515573643389)	(100, 0.0040875814505331905)	(105, 0.0039189405723252775)	(110, 0.004071369513659858)	(115, 0.0036149693969787142)	(120, 0.0036491865560541767)	(125, 0.003821901901224943)	(130, 0.0036792234225350557)	(135, 0.0013361868574659835)	(140, 0.0010774659671119492)	(145, 0.0006631614042706348)																		
SRR26260990_2	(1, 0.009169751072520842)	(2, 0.00789184442202569)	(3, 0.007862723224896445)	(4, 0.008445147167481366)	(5, 0.009991996638523085)	(6, 0.012429612139400567)	(7, 0.01547534675680054)	(8, 0.023810861182148275)	(9, 0.028096816194934964)	(10, 0.050780173144702664)	(15, 0.07963242745340218)	(20, 0.10305854623112526)	(25, 0.10354538412666241)	(30, 0.11999132325366477)	(35, 0.11469157556354442)	(40, 0.08767948106959607)	(45, 0.09257033543725932)	(50, 0.08170484056513089)	(55, 0.06935115077190276)	(60, 0.06819103656367362)	(65, 0.059760314012892696)	(70, 0.046317336161397424)	(75, 0.04351857150906348)	(80, 0.03668733245614604)	(85, 0.04083295694010581)	(90, 0.03700947295734976)	(95, 0.03932925015432496)	(100, 0.04104492531032438)	(105, 0.04153862207154292)	(110, 0.05089157110683167)	(115, 0.04776981669961803)	(120, 0.049479987058438896)	(125, 0.058755158887900956)	(130, 0.04584559834976507)	(135, 0.05161383383887112)	(140, 0.04456041759600609)	(145, 0.045685278277806114)																		
SRR26260991_1	(1, 0.0023593704063305243)	(2, 0.002170550186826137)	(3, 0.002108786563623767)	(4, 0.002133492012904715)	(5, 0.006322830340974023)	(6, 0.00365464181863165)	(7, 0.0024140753297383377)	(8, 0.0021934909611584456)	(9, 0.0023681937810737202)	(10, 0.002406310759964325)	(15, 0.002300783198035705)	(20, 0.002456780463495405)	(25, 0.005279201576348838)	(30, 0.0034848800885725647)	(35, 0.004413956574919206)	(40, 0.0029419353069802543)	(45, 0.000682688721451773)	(50, 0.0036136640550202825)	(55, 0.0031101313512493897)	(60, 0.0006002574171056969)	(65, 0.002467604758361795)	(70, 0.003841328389537547)	(75, 0.0031477527105107416)	(80, 0.0036017970036226667)	(85, 0.004360958201955906)	(90, 0.0062460120728105445)	(95, 0.005196094632304666)	(100, 0.004009402284426356)	(105, 0.0038167016935467205)	(110, 0.003924827578233293)	(115, 0.0035183827987568996)	(120, 0.003572617114798361)	(125, 0.003740551747061651)	(130, 0.003531138628175075)	(135, 0.001258538421066567)	(140, 0.0010189222808166761)	(145, 0.0005700574061221081)																		
SRR26260991_2	(1, 0.003569937421096971)	(2, 0.0023011361330254327)	(3, 0.002214667060542115)	(4, 0.0028570087418467605)	(5, 0.004406393346751922)	(6, 0.0068592915253603195)	(7, 0.009979236834554312)	(8, 0.017884980604457642)	(9, 0.02233725549987418)	(10, 0.045114973866928684)	(15, 0.07387423443989041)	(20, 0.09750570254709653)	(25, 0.09822674873111048)	(30, 0.11481363444334916)	(35, 0.11366394720688487)	(40, 0.08795347130490291)	(45, 0.0930108903089369)	(50, 0.08204411118088689)	(55, 0.06975598565859774)	(60, 0.06860659239858724)	(65, 0.060138228655514464)	(70, 0.04667098123892535)	(75, 0.04381157631226602)	(80, 0.03691842412275931)	(85, 0.04082019732993155)	(90, 0.0369106087698011)	(95, 0.03940410012789622)	(100, 0.04092090460027173)	(105, 0.04124595613816294)	(110, 0.050396571714270394)	(115, 0.047078321517454995)	(120, 0.04885138092878133)	(125, 0.05767267725106498)	(130, 0.044991423833542085)	(135, 0.05059291593875684)	(140, 0.043576502573641214)	(145, 0.04452690299125787)																		
SRR26260992_1	(1, 0.0016714449349712868)	(2, 0.0014813368961963994)	(3, 0.0014079288416199577)	(4, 0.0014418094821937)	(5, 0.0055037218354234705)	(6, 0.002953262503344537)	(7, 0.001699678802116072)	(8, 0.0015396868882956221)	(9, 0.0016394465522071968)	(10, 0.0016913968677536016)	(15, 0.0015871197850988615)	(20, 0.00171436041303136)	(25, 0.004475256168229427)	(30, 0.0026769470568875717)	(35, 0.004106823520596355)	(40, 0.0028341134266933014)	(45, 0.0006411963713737243)	(50, 0.0034977854758683475)	(55, 0.0030258058855891817)	(60, 0.0005878953139226541)	(65, 0.002359557561053599)	(70, 0.0036459736907961883)	(75, 0.003044119541837131)	(80, 0.003437824638445791)	(85, 0.004057893352146576)	(90, 0.005959005097029624)	(95, 0.004943965455050295)	(100, 0.0038049034325403274)	(105, 0.0036445164434188698)	(110, 0.0037708905211672043)	(115, 0.003301566384133666)	(120, 0.0032963524712073225)	(125, 0.0034506564469003478)	(130, 0.0034025767186731774)	(135, 0.001194120840483074)	(140, 0.0009761059266107852)	(145, 0.0005798274360051197)																		
SRR26260992_2	(1, 0.0029476157299155796)	(2, 0.0015698030132500597)	(3, 0.0015509804351535362)	(4, 0.0020742481062368894)	(5, 0.003546173713385027)	(6, 0.005818058889635413)	(7, 0.008901197181845963)	(8, 0.01678973966209896)	(9, 0.020917531038666566)	(10, 0.04363562989804656)	(15, 0.07237318923269478)	(20, 0.09552420738829481)	(25, 0.0955595938351163)	(30, 0.11134609008467056)	(35, 0.11096455270253444)	(40, 0.08614155125486678)	(45, 0.09088277785817458)	(50, 0.08041407187736274)	(55, 0.06837699217294274)	(60, 0.06725703125955676)	(65, 0.05896582449630813)	(70, 0.045784399088089844)	(75, 0.043021365895193134)	(80, 0.036028815668829206)	(85, 0.04017070671018265)	(90, 0.03642886497886603)	(95, 0.03869632742490939)	(100, 0.04039198906267815)	(105, 0.040904928294279615)	(110, 0.05013319383906479)	(115, 0.04693527436679609)	(120, 0.04847120412025095)	(125, 0.057468830559440985)	(130, 0.044636992300911955)	(135, 0.050371341072803756)	(140, 0.04316802588700894)	(145, 0.044219872583442385)																		
SRR26260993_1	(1, 0.002775564176268672)	(2, 0.0025857347538545466)	(3, 0.002528601626720198)	(4, 0.00256361870464125)	(5, 0.0067822550920774985)	(6, 0.004087783096257579)	(7, 0.0028621853690207486)	(8, 0.002653925905595543)	(9, 0.00276819215986424)	(10, 0.0028087382500886163)	(15, 0.0027213798556960963)	(20, 0.0028371205132456797)	(25, 0.0055780362124135206)	(30, 0.0039056942910681075)	(35, 0.004319436602149367)	(40, 0.002797916654302136)	(45, 0.0006182536321267238)	(50, 0.003424618878213963)	(55, 0.0029784473418571285)	(60, 0.0005794130339165088)	(65, 0.0023198980253906105)	(70, 0.0036119637957874222)	(75, 0.003018927430918122)	(80, 0.0034140661060592927)	(85, 0.004079549133499561)	(90, 0.0059750483133695406)	(95, 0.004972881595528971)	(100, 0.0038322397387730318)	(105, 0.0037095693513056046)	(110, 0.003825037276414811)	(115, 0.003337236135401542)	(120, 0.0034468720021821548)	(125, 0.0035693168953827245)	(130, 0.003416494721727109)	(135, 0.001179317152669125)	(140, 0.0009212923567282855)	(145, 0.0005827739181292563)																		
SRR26260993_2	(1, 0.003868465608225725)	(2, 0.0025746767292478983)	(3, 0.002552560680034602)	(4, 0.0032123561482312714)	(5, 0.00461672527327558)	(6, 0.007023688629322648)	(7, 0.010101505478173034)	(8, 0.017801576612602326)	(9, 0.02168294324953581)	(10, 0.044559415954949166)	(15, 0.07319306487140374)	(20, 0.09648089609218441)	(25, 0.09677024773605837)	(30, 0.11313022654077401)	(35, 0.11167398262676238)	(40, 0.08617171334935798)	(45, 0.09101516767203358)	(50, 0.08024245013968717)	(55, 0.06827414915333838)	(60, 0.06715887384021632)	(65, 0.058946526659856946)	(70, 0.04569037620718893)	(75, 0.042927872805020514)	(80, 0.03603290909741746)	(85, 0.04022135286696347)	(90, 0.03642495217412297)	(95, 0.0388013291661614)	(100, 0.04057329201503602)	(105, 0.04094179765538108)	(110, 0.05047639309156191)	(115, 0.04723697812444854)	(120, 0.0487802403311538)	(125, 0.05799587995159778)	(130, 0.045025017735049376)	(135, 0.05070761828627404)	(140, 0.043635633941401006)	(145, 0.04440388561092231)																		
SRR26260994_1	(1, 0.00706199499898578)	(2, 0.006904392222506938)	(3, 0.0068487677131614634)	(4, 0.0068765799678342)	(5, 0.010939486837943184)	(6, 0.008385394783830179)	(7, 0.00711066644466307)	(8, 0.00692525141351149)	(9, 0.007117619508331254)	(10, 0.007117619508331254)	(15, 0.007044844108604258)	(20, 0.0071672180291643016)	(25, 0.010027708422255293)	(30, 0.00927909523398079)	(35, 0.005739667432700487)	(40, 0.002792458093203998)	(45, 0.0006176500828376804)	(50, 0.003470910329748263)	(55, 0.003036476224057028)	(60, 0.0005852569537212059)	(65, 0.002345026650639418)	(70, 0.003642264578911222)	(75, 0.003030927698579572)	(80, 0.0034299558245231027)	(85, 0.0040725172574047)	(90, 0.006038504361876336)	(95, 0.004962433812681743)	(100, 0.0038232876929974536)	(105, 0.0035785598307067597)	(110, 0.0037470789505512107)	(115, 0.0032716434735828312)	(120, 0.003353301959017715)	(125, 0.0035528117083195227)	(130, 0.003500015643862581)	(135, 0.0012034879804496917)	(140, 0.0009834772797553315)	(145, 0.0006008311752244012)																		
SRR26260994_2	(1, 0.007847691193490597)	(2, 0.006589186669549252)	(3, 0.006593822045328042)	(4, 0.0071454317630039905)	(5, 0.008765495597690916)	(6, 0.011027558977740184)	(7, 0.014249145143998877)	(8, 0.022066706394927343)	(9, 0.026372970493422774)	(10, 0.04896254727619757)	(15, 0.07747520722910957)	(20, 0.10047316061799572)	(25, 0.10078882970853127)	(30, 0.11784052304838627)	(35, 0.11302953967543973)	(40, 0.08624791507885324)	(45, 0.09124880007844126)	(50, 0.08051145480857047)	(55, 0.06858968970390603)	(60, 0.06753372661932439)	(65, 0.05935257810034336)	(70, 0.04626794943641563)	(75, 0.04353185600772393)	(80, 0.03659500227354552)	(85, 0.04070095579927093)	(90, 0.0369095668785833)	(95, 0.03939935835750106)	(100, 0.04107279063327571)	(105, 0.04150032216193814)	(110, 0.051157794594179934)	(115, 0.047916665958694565)	(120, 0.05012505020441729)	(125, 0.05944253313994533)	(130, 0.04666919072802782)	(135, 0.05272256115844827)	(140, 0.045501856309710306)	(145, 0.04723952566207362)																		
SRR26260995_1	(1, 0.007936488632879194)	(2, 0.007739908939621481)	(3, 0.007686599192297355)	(4, 0.007703258488336143)	(5, 0.011841427624371391)	(6, 0.009099307496386683)	(7, 0.007969807224956773)	(8, 0.007793218686945605)	(9, 0.007906501900009372)	(10, 0.00796847448127367)	(15, 0.007882512513713516)	(20, 0.007999793957826592)	(25, 0.01111108408603087)	(30, 0.010853198183350413)	(35, 0.006358038121370349)	(40, 0.0029414726919954146)	(45, 0.0007100050505025925)	(50, 0.0035887275061197606)	(55, 0.003093841071359524)	(60, 0.0006333304964848119)	(65, 0.0024308089507311436)	(70, 0.0037827479270276247)	(75, 0.0032117910647932128)	(80, 0.0035900000352213613)	(85, 0.004279964946093345)	(90, 0.006324494908444598)	(95, 0.0051981209157558154)	(100, 0.004088516631812074)	(105, 0.003849471747762791)	(110, 0.004034724467563684)	(115, 0.003566990136847726)	(120, 0.0036241212341204393)	(125, 0.0038467184479042114)	(130, 0.003761283676117467)	(135, 0.0013464622245600213)	(140, 0.0010804831468530375)	(145, 0.0006243929194455085)																		
SRR26260995_2	(1, 0.008899395943921211)	(2, 0.007536665527948252)	(3, 0.00753999738715601)	(4, 0.00812640460772139)	(5, 0.009562435926265024)	(6, 0.01182810018754036)	(7, 0.014910069954716368)	(8, 0.022693293064038698)	(9, 0.027034705611747176)	(10, 0.049358828675566305)	(15, 0.0779275222665652)	(20, 0.10150442439250126)	(25, 0.10217945906799303)	(30, 0.11955777032381641)	(35, 0.11349749838984172)	(40, 0.08632448279429189)	(45, 0.09106168460489945)	(50, 0.08031074677857554)	(55, 0.06807189547368372)	(60, 0.06711482829167426)	(65, 0.058859067947009486)	(70, 0.045641292161001885)	(75, 0.04289662562876228)	(80, 0.035999583274098204)	(85, 0.04017073077599654)	(90, 0.03634909367214677)	(95, 0.038750014009245146)	(100, 0.04047096697057123)	(105, 0.040887169662465375)	(110, 0.05037822451233528)	(115, 0.047197662838704524)	(120, 0.049389405916869016)	(125, 0.05878393902507458)	(130, 0.0459880633581773)	(135, 0.051899559864708227)	(140, 0.04448211304378073)	(145, 0.04614645169311647)																		
SRR26260996_1	(1, 0.005138032603868733)	(2, 0.004948060840356982)	(3, 0.004898808901668751)	(4, 0.004923434871012867)	(5, 0.008907564911328745)	(6, 0.006276104187128941)	(7, 0.005222464498762844)	(8, 0.004997312779045214)	(9, 0.005101093649852559)	(10, 0.0051559743815337315)	(15, 0.005070838887515502)	(20, 0.005201004725477258)	(25, 0.007994996847348224)	(30, 0.0071362541163627015)	(35, 0.005234543929805181)	(40, 0.002810363210644647)	(45, 0.0006700714484445672)	(50, 0.0034515689202638676)	(55, 0.002995509582118346)	(60, 0.000603094275697177)	(65, 0.0023297069881619437)	(70, 0.0035784346791197567)	(75, 0.0030509977821998394)	(80, 0.003456485240110777)	(85, 0.00401501688016378)	(90, 0.005845025422756808)	(95, 0.004944794126924167)	(100, 0.003774579629160313)	(105, 0.003611664377121153)	(110, 0.0037301500494677535)	(115, 0.0032335103821255276)	(120, 0.003305928118246455)	(125, 0.0035692802305789403)	(130, 0.0035796020537535596)	(135, 0.001251913746356744)	(140, 0.0010593884202175657)	(145, 0.0006009165639352522)																		
SRR26260996_2	(1, 0.005744886848420157)	(2, 0.004524142368076131)	(3, 0.00452766036369672)	(4, 0.005132755610437851)	(5, 0.006508291898087748)	(6, 0.008963852841258153)	(7, 0.011706130427506477)	(8, 0.019433407808127957)	(9, 0.023359490920704135)	(10, 0.04555980228442453)	(15, 0.07363059294022008)	(20, 0.09633749567330513)	(25, 0.09718638801655301)	(30, 0.11375931358558089)	(35, 0.11050388186906515)	(40, 0.08451488587805707)	(45, 0.08951762264966884)	(50, 0.07900015355410622)	(55, 0.06703338741618978)	(60, 0.06586325174270828)	(65, 0.057703337634109744)	(70, 0.04469080113540201)	(75, 0.042075078464212864)	(80, 0.0353271831908103)	(85, 0.039413942181230455)	(90, 0.03579381942462468)	(95, 0.03815072317626279)	(100, 0.03987676902196521)	(105, 0.04053710432479005)	(110, 0.050149427578633825)	(115, 0.04714110461298927)	(120, 0.04910475802826392)	(125, 0.05891104222631079)	(130, 0.046005023008051926)	(135, 0.05231726826983288)	(140, 0.045208712893107864)	(145, 0.04691963278617496)																		
SRR26260997_1	(1, 0.018594120396155732)	(2, 0.018436897023800865)	(3, 0.018382851489553882)	(4, 0.01840741764148433)	(5, 0.02245591947962208)	(6, 0.01978312214958939)	(7, 0.018734147462159283)	(8, 0.01846883302131045)	(9, 0.018630969624051405)	(10, 0.01866536223675403)	(15, 0.018560219106491714)	(20, 0.018676662666642037)	(25, 0.021561711549353792)	(30, 0.02064981598969558)	(35, 0.007917239193482032)	(40, 0.0028048494928672877)	(45, 0.0006601457180982541)	(50, 0.0034241462582870396)	(55, 0.003004822577894454)	(60, 0.0005997230313600343)	(65, 0.0023211402067951003)	(70, 0.0035578018816521174)	(75, 0.003011391189950336)	(80, 0.0034130319867192852)	(85, 0.0039853719347352195)	(90, 0.0058188446213856245)	(95, 0.004812908373310601)	(100, 0.003658863150177856)	(105, 0.003532701171049461)	(110, 0.0036694617902151196)	(115, 0.0031628652492842664)	(120, 0.0032379511921998144)	(125, 0.0033379669860442085)	(130, 0.003373523606958978)	(135, 0.001174151753090299)	(140, 0.0009512067494296964)	(145, 0.0005253795496579725)																		
SRR26260997_2	(1, 0.018417244102256508)	(2, 0.017071018976467987)	(3, 0.016999777135869688)	(4, 0.017547602323918665)	(5, 0.019009288363780297)	(6, 0.021372552179489347)	(7, 0.024111678119734244)	(8, 0.03171244552701471)	(9, 0.03608522057063437)	(10, 0.058591746323233176)	(15, 0.08715481117276451)	(20, 0.10980185531440548)	(25, 0.10990503315251336)	(30, 0.12635551113121823)	(35, 0.11300434341326043)	(40, 0.08506997531950927)	(45, 0.08980280390344847)	(50, 0.07947136148105113)	(55, 0.06756503654964378)	(60, 0.06649662919683229)	(65, 0.05830750381635154)	(70, 0.045091808129123064)	(75, 0.042640246276151456)	(80, 0.035614831197902)	(85, 0.03991099119069277)	(90, 0.03619224087879642)	(95, 0.03815857751989363)	(100, 0.03997275974998605)	(105, 0.0402857786513565)	(110, 0.049616135964891936)	(115, 0.04620335051845204)	(120, 0.04779836928989301)	(125, 0.05670559816034902)	(130, 0.044102028295188986)	(135, 0.04970175623532445)	(140, 0.04235905412147066)	(145, 0.043616798685055545)																		
SRR26260998_1	(1, 0.010382638999985408)	(2, 0.010223986450135933)	(3, 0.010179771805095914)	(4, 0.010205780419825337)	(5, 0.01419810278079167)	(6, 0.011584237000484722)	(7, 0.01043205536797131)	(8, 0.010249995064865356)	(9, 0.010429454506498369)	(10, 0.010427373817320016)	(15, 0.010370154864915286)	(20, 0.01049291552643816)	(25, 0.013358544697325916)	(30, 0.012294792354892541)	(35, 0.0062438976396376146)	(40, 0.0027851212175232587)	(45, 0.000627566903445335)	(50, 0.0034568269717037553)	(55, 0.002962887719429855)	(60, 0.00058333027549761)	(65, 0.002328204886415948)	(70, 0.0036652661601961896)	(75, 0.0030000689942286042)	(80, 0.0034109852859455147)	(85, 0.004131004300371206)	(90, 0.005923261522472587)	(95, 0.004932806490115281)	(100, 0.00389464181929666)	(105, 0.0036532377972925876)	(110, 0.003810502538268956)	(115, 0.0034484914077852606)	(120, 0.0034463678980814474)	(125, 0.003704249225292801)	(130, 0.003565020198336482)	(135, 0.0012439674281309087)	(140, 0.0010260872319180613)	(145, 0.000629521105430311)																		
SRR26260998_2	(1, 0.010874201818371492)	(2, 0.009641393480196872)	(3, 0.009576371943373315)	(4, 0.010132956298582955)	(5, 0.01157123269312001)	(6, 0.013899003711403315)	(7, 0.016830174591409213)	(8, 0.024676973655275942)	(9, 0.028874764072604715)	(10, 0.051330081857693395)	(15, 0.07939649818450766)	(20, 0.10197821783718133)	(25, 0.10219981123467603)	(30, 0.11819771015474372)	(35, 0.1112356559983117)	(40, 0.08475603607885854)	(45, 0.08914238135485503)	(50, 0.07912377195562355)	(55, 0.067323155222672)	(60, 0.06629384540305067)	(65, 0.05807073813276357)	(70, 0.04496413325263049)	(75, 0.0426213639318762)	(80, 0.035746564998917874)	(85, 0.04004516265204838)	(90, 0.03630918177988027)	(95, 0.03857630665248733)	(100, 0.040332088293414996)	(105, 0.04082096958621447)	(110, 0.050351821024277155)	(115, 0.047459785212956435)	(120, 0.049370832601314044)	(125, 0.058882491117837575)	(130, 0.04616591650855264)	(135, 0.05202439884224223)	(140, 0.04504609340530842)	(145, 0.04657818301549838)																		
SRR26260999_1	(1, 0.012629864883080627)	(2, 0.012453153992561186)	(3, 0.012385646461351511)	(4, 0.012389617492599139)	(5, 0.01649169277139879)	(6, 0.013773521882397471)	(7, 0.012667589679933096)	(8, 0.012453153992561186)	(9, 0.012657662101814024)	(10, 0.012649720039318768)	(15, 0.012579432786235755)	(20, 0.012704520270536033)	(25, 0.01572488663748184)	(30, 0.015203093131543527)	(35, 0.007121615022625693)	(40, 0.0028988990793210926)	(45, 0.0006559217389301328)	(50, 0.003525973762614015)	(55, 0.003073575642653092)	(60, 0.0005995111261442705)	(65, 0.0024051628553476076)	(70, 0.003676939092259801)	(75, 0.0031010353223631278)	(80, 0.0035165702773203313)	(85, 0.004137428045133763)	(90, 0.006063153394697926)	(95, 0.005002272028996897)	(100, 0.003885735593423894)	(105, 0.0036948296536112885)	(110, 0.003826785584300333)	(115, 0.003365786421104337)	(120, 0.0034518201209177077)	(125, 0.0036171528073459264)	(130, 0.0036289528479535142)	(135, 0.001298586582461902)	(140, 0.0010895016436201432)	(145, 0.0006077148810568186)																		
SRR26260999_2	(1, 0.01317191064838184)	(2, 0.011879339977278951)	(3, 0.011831687602307416)	(4, 0.012425356773827792)	(5, 0.013825145288616636)	(6, 0.016108488256002695)	(7, 0.019170153347923827)	(8, 0.02681835953085522)	(9, 0.03122818973134604)	(10, 0.05369827004604868)	(15, 0.08200616339788913)	(20, 0.10517792493404762)	(25, 0.10567589225250015)	(30, 0.12268858432358774)	(35, 0.11352485362991309)	(40, 0.08567589986873984)	(45, 0.0904530858774314)	(50, 0.07987833656887053)	(55, 0.06793543091798)	(60, 0.0669271928496956)	(65, 0.058647080754892236)	(70, 0.04549879815691125)	(75, 0.04285917093832401)	(80, 0.035951292734740084)	(85, 0.0400527674768507)	(90, 0.036334747543938714)	(95, 0.03881430681749491)	(100, 0.0404623755290132)	(105, 0.041263414163479825)	(110, 0.05079617986170987)	(115, 0.04782384753457196)	(120, 0.05007308455076251)	(125, 0.05946628980855146)	(130, 0.04687776566832675)	(135, 0.05302395275803481)	(140, 0.04590854628681182)	(145, 0.0477752890540922)																		
SRR26261000_1	(1, 0.032144763606184956)	(2, 0.031957128251694986)	(3, 0.031877447484719795)	(4, 0.031898010263294044)	(5, 0.03604398049332574)	(6, 0.03334511580545638)	(7, 0.03219360020529878)	(8, 0.031959698599016775)	(9, 0.03211134909100181)	(10, 0.03215967162065128)	(15, 0.03206868132546026)	(20, 0.03218074846868988)	(25, 0.03526824967161243)	(30, 0.03471459685850094)	(35, 0.010962953737224853)	(40, 0.00287866053420595)	(45, 0.0006697718117787912)	(50, 0.0035708773692011008)	(55, 0.0030829032858326784)	(60, 0.0006211509037562655)	(65, 0.0024750504534878015)	(70, 0.0037131397353744574)	(75, 0.0031321404827046066)	(80, 0.003573372521667548)	(85, 0.004225144392737807)	(90, 0.006231826038388723)	(95, 0.005187582610780107)	(100, 0.0040914889120454824)	(105, 0.003932162555334779)	(110, 0.004088948576437488)	(115, 0.003589345013429026)	(120, 0.0036018879636109985)	(125, 0.003918765834661554)	(130, 0.00379128779661337)	(135, 0.0014060497980710213)	(140, 0.0011098780203900815)	(145, 0.0006802928776986057)																		
SRR26261000_2	(1, 0.031340244894467705)	(2, 0.030039649149646856)	(3, 0.029980531161245907)	(4, 0.030561429655968263)	(5, 0.03209592700707113)	(6, 0.034581452867232715)	(7, 0.03741911631047822)	(8, 0.045081321676705415)	(9, 0.04966682129876154)	(10, 0.07238200872026314)	(15, 0.10098380557810606)	(20, 0.12436831144219927)	(25, 0.12489626078209294)	(30, 0.14233812363822998)	(35, 0.11831340746598729)	(40, 0.08683879829775239)	(45, 0.0918111812948127)	(50, 0.08111303511271335)	(55, 0.06895887747244772)	(60, 0.06776721544020062)	(65, 0.05945640453179006)	(70, 0.04602778964099706)	(75, 0.043427890707182004)	(80, 0.03653185644152049)	(85, 0.040737677967665795)	(90, 0.036958139941124166)	(95, 0.039319148598618035)	(100, 0.04107624608670433)	(105, 0.041633961556454574)	(110, 0.051121502228469395)	(115, 0.04815380769021304)	(120, 0.05006884295347553)	(125, 0.05967451745421697)	(130, 0.04658326146973361)	(135, 0.052714053135261514)	(140, 0.04533519383624736)	(145, 0.04704242207374757)																		
SRR26261001_1	(1, 0.006335453113764819)	(2, 0.006132043890848329)	(3, 0.0060799512849794715)	(4, 0.0060997960872152274)	(5, 0.010272165757282738)	(6, 0.007523660647630656)	(7, 0.006347856115162166)	(8, 0.006169252895040369)	(9, 0.006318088911808533)	(10, 0.006349840595385741)	(15, 0.006267484666107357)	(20, 0.006402429321310493)	(25, 0.009427273302095465)	(30, 0.0095622179572986)	(35, 0.0060896889568187165)	(40, 0.0028351005758008377)	(45, 0.0006422849636022223)	(50, 0.0033994317735085828)	(55, 0.0030285030634066234)	(60, 0.0006162946791072239)	(65, 0.002331484310311463)	(70, 0.0036112852163386177)	(75, 0.0030203680779083975)	(80, 0.0034302463667052604)	(85, 0.004125931520878225)	(90, 0.006102018061560536)	(95, 0.00507393175776725)	(100, 0.0038961486527516187)	(105, 0.0037075319315486434)	(110, 0.0038093087311921346)	(115, 0.0033509054864975254)	(120, 0.0034540462192137987)	(125, 0.0036343621001423813)	(130, 0.0035852216263230897)	(135, 0.0012564326405862325)	(140, 0.0010019494454530907)	(145, 0.0005553320614358936)																		
SRR26261001_2	(1, 0.007233430414932737)	(2, 0.0059410376693291855)	(3, 0.005943518269608656)	(4, 0.006578551941152819)	(5, 0.008089237511349677)	(6, 0.010450768977404535)	(7, 0.013206715887895026)	(8, 0.021000761965987845)	(9, 0.02546336186875327)	(10, 0.04812166094148256)	(15, 0.07670115288130529)	(20, 0.10016217420447088)	(25, 0.10065630978014117)	(30, 0.1184397331836572)	(35, 0.11359624624942748)	(40, 0.08643882363542708)	(45, 0.09128470567905354)	(50, 0.08056814999413586)	(55, 0.06863365435124048)	(60, 0.06739926296876804)	(65, 0.05910033813810699)	(70, 0.04567011662174975)	(75, 0.043071484727749916)	(80, 0.03607684339895276)	(85, 0.04026341104214426)	(90, 0.036513813248093704)	(95, 0.03866545142028667)	(100, 0.040655316675633775)	(105, 0.04121407502909396)	(110, 0.05064866722741888)	(115, 0.04756834902736736)	(120, 0.04921756083019663)	(125, 0.05875409234409602)	(130, 0.04580948104172042)	(135, 0.051863026779853244)	(140, 0.04483446994623565)	(145, 0.04640926195754032)																		
SRR26261002_1	(1, 0.022240023581679022)	(2, 0.022067147312411283)	(3, 0.022009521889322037)	(4, 0.022043419197021595)	(5, 0.026246685351766597)	(6, 0.023558628851191768)	(7, 0.022301038735538223)	(8, 0.02209087542780097)	(9, 0.02223324412013911)	(10, 0.022296293112460286)	(15, 0.02220002475859354)	(20, 0.02227459883553257)	(25, 0.025257561913093536)	(30, 0.024732831589904407)	(35, 0.008878468749013988)	(40, 0.0027955639676274235)	(45, 0.0006505110826128318)	(50, 0.003542748347999346)	(55, 0.0030607170283664035)	(60, 0.0006089364675175516)	(65, 0.0023881159182752966)	(70, 0.0037716782685815373)	(75, 0.003181516772014715)	(80, 0.0035586733089349953)	(85, 0.004211000888905525)	(90, 0.0061467177702245945)	(95, 0.005119242487934296)	(100, 0.0038871407452734023)	(105, 0.003693512809962746)	(110, 0.0038256369279471587)	(115, 0.003305221188563167)	(120, 0.0033737640537299944)	(125, 0.003618771107819381)	(130, 0.003678997810410722)	(135, 0.001279913412216749)	(140, 0.001044559218883191)	(145, 0.0006612035372638999)																		
SRR26261002_2	(1, 0.02201630135086195)	(2, 0.02074515231212858)	(3, 0.0206976960813492)	(4, 0.02132818600456095)	(5, 0.02278577023564188)	(6, 0.025233155851549862)	(7, 0.028080529698312606)	(8, 0.03610063270002767)	(9, 0.04021576585475383)	(10, 0.06274934012111101)	(15, 0.09118850333488493)	(20, 0.11433629681675805)	(25, 0.11423189310904344)	(30, 0.13099953533570607)	(35, 0.11475425332235704)	(40, 0.08564055167302427)	(45, 0.09017560808744417)	(50, 0.07986203566011145)	(55, 0.06822654220769524)	(60, 0.06716822310287347)	(65, 0.058906263125323155)	(70, 0.045819061630312234)	(75, 0.043250625216146935)	(80, 0.03632344107401201)	(85, 0.040462124209760655)	(90, 0.0366468373005285)	(95, 0.03909805524297665)	(100, 0.040964933270442525)	(105, 0.041598140991326145)	(110, 0.05104144943088204)	(115, 0.04813326769373669)	(120, 0.05010014711762679)	(125, 0.0600414194767374)	(130, 0.04695019645221249)	(135, 0.053620303551773066)	(140, 0.0463620473448179)	(145, 0.04847769886722999)																		
SRR26261003_1	(1, 0.026505463833894592)	(2, 0.02630126537749879)	(3, 0.026253366974146684)	(4, 0.026288660534511392)	(5, 0.03031968932188037)	(6, 0.027738217478061836)	(7, 0.026543278362856776)	(8, 0.026346642812253407)	(9, 0.026505463833894592)	(10, 0.026537228038222824)	(15, 0.02644294381267711)	(20, 0.02655941256188064)	(25, 0.029616843276903216)	(30, 0.0295346597006254)	(35, 0.010111012848823766)	(40, 0.0029347948362764067)	(45, 0.0006599469036388671)	(50, 0.0035777538536240147)	(55, 0.003096892439924871)	(60, 0.0006285790637011935)	(65, 0.002450104528167067)	(70, 0.003706832679796614)	(75, 0.0031412933223054)	(80, 0.0035367747958058196)	(85, 0.004255955540719592)	(90, 0.006321262501398654)	(95, 0.005190801732334002)	(100, 0.004088052549606603)	(105, 0.0038769120143529235)	(110, 0.004010996257166486)	(115, 0.0035856530205410756)	(120, 0.0035750677083687256)	(125, 0.0038237483776898348)	(130, 0.003726357124464109)	(135, 0.0013338623474222233)	(140, 0.0010700595192198905)	(145, 0.0006851295566009297)																		
SRR26261003_2	(1, 0.026444960587555095)	(2, 0.025212206943387844)	(3, 0.025184476288815573)	(4, 0.025751694223248356)	(5, 0.027198730198201324)	(6, 0.029709614921290445)	(7, 0.03277259176722747)	(8, 0.04061280410538728)	(9, 0.04497660074762349)	(10, 0.06780094623547919)	(15, 0.09649763597430257)	(20, 0.11991138392024886)	(25, 0.12043171183876854)	(30, 0.13786975582125052)	(35, 0.11770298032374572)	(40, 0.08703604586235222)	(45, 0.09186393292714476)	(50, 0.08120717443922887)	(55, 0.06928047020454921)	(60, 0.06798799139886304)	(65, 0.059675459250480546)	(70, 0.04645518741364695)	(75, 0.04366593479338399)	(80, 0.03673988216292527)	(85, 0.04076523770281902)	(90, 0.03701911217290112)	(95, 0.03940684670457632)	(100, 0.04120021910022845)	(105, 0.04185211561408947)	(110, 0.05136334314600465)	(115, 0.04840701873680855)	(120, 0.05027104581094304)	(125, 0.059975359164180106)	(130, 0.04684976413936904)	(135, 0.053112789531566236)	(140, 0.045995699978708664)	(145, 0.0475140140284718)																		
SRR26261004_1	(1, 0.003807355072660489)	(2, 0.0036364262797857665)	(3, 0.003579450015494192)	(4, 0.0036062623751608154)	(5, 0.00777223275836239)	(6, 0.005027317437491843)	(7, 0.003867682881910391)	(8, 0.003700105633993996)	(9, 0.0037939488928271773)	(10, 0.003846903303168758)	(15, 0.0037745099320688758)	(20, 0.0038857812246853624)	(25, 0.006657508905222532)	(30, 0.005498544658632745)	(35, 0.004753482908299496)	(40, 0.0026963805207812935)	(45, 0.0006114915638335541)	(50, 0.0033440188574226652)	(55, 0.0028773020504930676)	(60, 0.0005741992029873295)	(65, 0.0022463053052808267)	(70, 0.003478264198945172)	(75, 0.002940941530354613)	(80, 0.0033490331080188486)	(85, 0.003938836138756395)	(90, 0.005785897257757639)	(95, 0.004854302697400343)	(100, 0.0037730383107570957)	(105, 0.0035597584524747518)	(110, 0.0037382165195239724)	(115, 0.0032603741033528774)	(120, 0.003338319866151147)	(125, 0.0035223112168660197)	(130, 0.003442224032701464)	(135, 0.0011874045759064338)	(140, 0.0009566060743129571)	(145, 0.0005918887869713749)																		
SRR26261004_2	(1, 0.004775951565617251)	(2, 0.00343868512724442)	(3, 0.003318029508744617)	(4, 0.003857628247035408)	(5, 0.005225058590033189)	(6, 0.0075543823360710765)	(7, 0.010406547095608116)	(8, 0.0177698913690545)	(9, 0.02215371217454739)	(10, 0.044485726540877825)	(15, 0.07289476222564839)	(20, 0.09591786516238604)	(25, 0.09585083426321948)	(30, 0.11233105113230941)	(35, 0.11036181269584039)	(40, 0.08451665748911415)	(45, 0.08906652668122775)	(50, 0.07901957434735632)	(55, 0.06698553446866504)	(60, 0.06593489463011157)	(65, 0.05774040935431886)	(70, 0.04473621454189136)	(75, 0.042089350786220905)	(80, 0.03511599228677589)	(85, 0.03924048333771117)	(90, 0.035519789023264504)	(95, 0.037807124924735126)	(100, 0.03946685685117371)	(105, 0.03982989278210998)	(110, 0.049189429826245086)	(115, 0.04611967182651464)	(120, 0.048025006133721994)	(125, 0.05728097505579144)	(130, 0.044796801334340906)	(135, 0.05061053485203443)	(140, 0.04363565312610639)	(145, 0.045323933774299316)																		
SRR26261005_1	(1, 0.010333891224455573)	(2, 0.010125385403729963)	(3, 0.010088254230176088)	(4, 0.010096822962534675)	(5, 0.01401558989452833)	(6, 0.011453538919310904)	(7, 0.010333891224455573)	(8, 0.0101882227743596)	(9, 0.01034245995681416)	(10, 0.010355598679763994)	(15, 0.010269911356178127)	(20, 0.010398442341556926)	(25, 0.013184994104569324)	(30, 0.012348685826371261)	(35, 0.006152551875299125)	(40, 0.002677463965783176)	(45, 0.0006017408689066143)	(50, 0.0033588080671664664)	(55, 0.0028572403261955034)	(60, 0.0005483776188043653)	(65, 0.0022525937292411577)	(70, 0.003489323067991245)	(75, 0.002924748961981028)	(80, 0.0033688379551144324)	(85, 0.00398643767129087)	(90, 0.005766714305266454)	(95, 0.004816088014317108)	(100, 0.003739673816374948)	(105, 0.0035464246425177103)	(110, 0.003708809892033786)	(115, 0.003209639256025098)	(120, 0.0032225951584094422)	(125, 0.0035041292053559136)	(130, 0.003471246717676264)	(135, 0.0012480448348130718)	(140, 0.001059520319833867)	(145, 0.0005977486818363484)																		
SRR26261005_2	(1, 0.010770896574743496)	(2, 0.009554136579824183)	(3, 0.009491299209194547)	(4, 0.010042554324263625)	(5, 0.01149067009286478)	(6, 0.013787090364966018)	(7, 0.016626197019777748)	(8, 0.024215237645366046)	(9, 0.028531022509974215)	(10, 0.05056523214566799)	(15, 0.07816054908208454)	(20, 0.10049409310150495)	(25, 0.100293584764314)	(30, 0.11655475378561596)	(35, 0.1092822596994904)	(40, 0.08345815899293517)	(45, 0.08755389374252093)	(50, 0.0776426276814027)	(55, 0.06597945124615445)	(60, 0.06503879687978845)	(65, 0.057062778216441484)	(70, 0.044425215276863404)	(75, 0.04174041877480483)	(80, 0.035149727590481704)	(85, 0.03921897814763827)	(90, 0.0355630650807236)	(95, 0.0378922281856539)	(100, 0.03948622991847961)	(105, 0.04005170440867174)	(110, 0.04946141231622292)	(115, 0.04612307957412317)	(120, 0.048104158384477055)	(125, 0.05731287964654974)	(130, 0.044899282195467134)	(135, 0.05062513707829512)	(140, 0.04345826748784005)	(145, 0.04527261562527045)																		
SRR26261006_1	(1, 0.0015241952309801826)	(2, 0.0013267426669668408)	(3, 0.001276513505945903)	(4, 0.0013146183867204075)	(5, 0.00536412798902912)	(6, 0.002833617497594976)	(7, 0.0015467117514378443)	(8, 0.0013787038680229834)	(9, 0.0015189991108745683)	(10, 0.0015685354558814244)	(15, 0.001472580437931081)	(20, 0.0015816989601489804)	(25, 0.004393146345293335)	(30, 0.0026309688134760196)	(35, 0.004153211727751217)	(40, 0.002840756266410391)	(45, 0.0006769983615288426)	(50, 0.003486991049016656)	(55, 0.0030271353823319662)	(60, 0.0006128061381327773)	(65, 0.0023969243478484162)	(70, 0.0036323286710403966)	(75, 0.003076258272201612)	(80, 0.003459044995095675)	(85, 0.004099448526769629)	(90, 0.0060067955313453415)	(95, 0.004979721960854036)	(100, 0.003875715235204827)	(105, 0.0036832258712714084)	(110, 0.0037921910471614773)	(115, 0.003322132827047356)	(120, 0.003364289256490041)	(125, 0.0035522830793988823)	(130, 0.003454694456283556)	(135, 0.001232889560190979)	(140, 0.0009985197730002656)	(145, 0.0005585502590330179)																		
SRR26261006_2	(1, 0.0028162970972429283)	(2, 0.0014462534293959686)	(3, 0.0014289330290439212)	(4, 0.002040343161471199)	(5, 0.00346927619051512)	(6, 0.0058837399995905456)	(7, 0.008779710938452893)	(8, 0.016530590095994162)	(9, 0.02064418517960545)	(10, 0.043430903882759185)	(15, 0.07213669620222163)	(20, 0.09557951167071092)	(25, 0.09577938909077355)	(30, 0.11216310219178235)	(35, 0.11189578676688698)	(40, 0.08658251010846978)	(45, 0.09123824011877284)	(50, 0.08071016992845507)	(55, 0.0686050781085099)	(60, 0.06758737211351085)	(65, 0.05915875539607606)	(70, 0.0457273019447378)	(75, 0.04292428688372179)	(80, 0.036035505854846654)	(85, 0.04001606124295984)	(90, 0.03619637766690696)	(95, 0.03852859506777965)	(100, 0.04009199396359222)	(105, 0.04049905921316989)	(110, 0.049621145044637896)	(115, 0.04624629877912459)	(120, 0.047859295094087144)	(125, 0.0567813360852242)	(130, 0.04403007200781168)	(135, 0.0495578426089305)	(140, 0.042369606107251594)	(145, 0.04326759176961312)																		
SRR26261235_1	(1, 0.043880525141127405)	(2, 0.0008598109085748581)	(3, 0.0)	(4, 0.04830930554038316)	(5, 0.0)	(6, 0.023875591334952373)	(7, 0.0)	(8, 0.0)	(9, 0.0)	(10, 0.001713588056387787)	(12, 0.0009970789659087388)	(14, 0.0016517420085780164)	(16, 0.0)	(18, 7.542200952411035e-06)	(20, 0.0)	(22, 5.430384685735945e-05)	(24, 4.525320571446621e-06)	(26, 8.899797123845021e-05)	(28, 0.0)	(30, 3.1677244000126346e-05)	(32, 0.0)	(34, 0.0012942416834337337)	(36, 0.0003967197700968204)	(38, 0.002086172783436892)	(40, 0.00014330181809580966)	(42, 0.0009593679611466838)	(44, 2.7151923428679725e-05)	(46, 0.0)	(48, 9.050641142893242e-06)	(50, 0.0)	(52, 0.0021253922283894296)	(54, 1.508440190482207e-06)	(56, 0.0005822579135261319)	(58, 0.00026397703333438623)	(60, 0.0005460553489545589)	(62, 0.00027755299504872606)	(64, 0.0007195259708600128)	(66, 5.430384685735945e-05)	(68, 0.0005173949853353971)	(70, 0.002594517127629396)	(72, 0.0)	(74, 0.0005641566312403454)	(76, 3.469412438109076e-05)	(78, 0.0006169520379072226)	(80, 0.0)	(82, 7.391356933362814e-05)	(84, 0.0)	(86, 0.00022626602857233106)	(88, 3.016880380964414e-06)	(90, 0.00014179337790532745)	(92, 4.525320571446621e-06)	(94, 0.000123692095619541)	(96, 6.033760761928828e-06)	(98, 0.0)	(100, 4.525320571446621e-06)
SRR26261235_2	(1, 0.020017001327698885)	(2, 0.009005387937178776)	(3, 1.2067521523857657e-05)	(4, 3.620256457157297e-05)	(5, 0.0)	(6, 0.0)	(7, 0.0)	(8, 1.8101282285786483e-05)	(9, 0.0)	(10, 2.4135043047715314e-05)	(12, 1.508440190482207e-05)	(14, 1.3575961714339863e-05)	(16, 2.4135043047715314e-05)	(18, 1.508440190482207e-05)	(20, 3.7711004762055176e-05)	(22, 8.145577028603918e-05)	(24, 9.804861238134345e-05)	(26, 0.0)	(28, 7.542200952411035e-05)	(30, 0.0)	(32, 0.0)	(34, 1.8101282285786483e-05)	(36, 0.00022928290895329548)	(38, 7.994733009555697e-05)	(40, 2.4135043047715314e-05)	(42, 0.0003243146409536745)	(44, 7.542200952411035e-06)	(46, 0.0)	(48, 0.00016592842095304277)	(50, 6.48629281907349e-05)	(52, 0.00011614989466712995)	(54, 4.525320571446621e-06)	(56, 6.033760761928828e-05)	(58, 0.0006169520379072226)	(60, 0.0003182808801917457)	(62, 0.0)	(64, 6.033760761928828e-06)	(66, 0.00017648750228641823)	(68, 1.2067521523857657e-05)	(70, 0.0003228062007631923)	(72, 4.3744765523984006e-05)	(74, 4.525320571446621e-06)	(76, 0.00012670897600050538)	(78, 0.0)	(80, 0.0)	(82, 0.0)	(84, 0.0)	(86, 2.8660363619161934e-05)	(88, 0.0)	(90, 0.0)	(92, 0.0)	(94, 0.0)	(96, 7.693044971459256e-05)	(98, 0.0)	(100, 0.000123692095619541)
SRR26261236_1	(1, 0.04336149840539559)	(2, 0.0008798735289013684)	(3, 0.0)	(4, 0.04816383333834886)	(5, 0.0)	(6, 0.023678949380728002)	(7, 0.0)	(8, 0.0)	(9, 0.0)	(10, 0.0017486562150014593)	(12, 0.0010684178565230904)	(14, 0.001621111522786765)	(16, 0.0)	(18, 2.218168560255551e-05)	(20, 0.0)	(22, 8.872674241022203e-05)	(24, 0.0)	(26, 0.00012384774461426826)	(28, 0.0)	(30, 4.6211845005323975e-05)	(32, 0.0)	(34, 0.0013272041885529046)	(36, 0.0004233005002487676)	(38, 0.002114654027443625)	(40, 0.00016821111581937927)	(42, 0.0009020552145039241)	(44, 4.251489740489806e-05)	(46, 0.0)	(48, 7.393895200851836e-06)	(50, 0.0)	(52, 0.0021349872392459677)	(54, 0.0)	(56, 0.0006099963540702765)	(58, 0.00029575580803407344)	(60, 0.000582269247067082)	(62, 0.00031608901983641596)	(64, 0.0007301471510841188)	(66, 6.284810920724061e-05)	(68, 0.0005046333474581379)	(70, 0.002473257944684939)	(72, 0.0)	(74, 0.0005212696116600545)	(76, 3.512100220404622e-05)	(78, 0.000580420773266869)	(80, 3.696947600425918e-06)	(82, 9.057521621043499e-05)	(84, 0.0)	(86, 0.00028651343903300864)	(88, 1.848473800212959e-06)	(90, 0.00019593822282257365)	(92, 7.393895200851836e-06)	(94, 0.00015896874681831447)	(96, 7.393895200851836e-06)	(98, 0.0)	(100, 1.1090842801277754e-05)
SRR26261236_2	(1, 0.019327642055026698)	(2, 0.009105581939849035)	(3, 1.4787790401703671e-05)	(4, 4.806031880553693e-05)	(5, 0.0)	(6, 0.0)	(7, 0.0)	(8, 3.696947600425918e-06)	(9, 0.0)	(10, 2.7727107003194385e-05)	(12, 9.242369001064795e-06)	(14, 1.2939316601490714e-05)	(16, 2.7727107003194385e-05)	(18, 1.1090842801277754e-05)	(20, 3.881794980447214e-05)	(22, 9.242369001064795e-05)	(24, 0.00012384774461426826)	(26, 0.0)	(28, 8.133284720937019e-05)	(30, 3.696947600425918e-06)	(32, 0.0)	(34, 1.6636264201916632e-05)	(36, 0.00027727107003194384)	(38, 9.612063761107386e-05)	(40, 1.6636264201916632e-05)	(42, 0.00037339170764301774)	(44, 1.1090842801277754e-05)	(46, 0.0)	(48, 0.00018299890622108296)	(50, 8.318132100958315e-05)	(52, 0.00014602943021682375)	(54, 7.393895200851836e-06)	(56, 8.133284720937019e-05)	(58, 0.0006950261488800726)	(60, 0.00037154323384280477)	(62, 0.0)	(64, 9.242369001064795e-06)	(66, 0.00022551380362598102)	(68, 1.1090842801277754e-05)	(70, 0.0003659978124421659)	(72, 4.6211845005323975e-05)	(74, 1.848473800212959e-06)	(76, 0.00014602943021682375)	(78, 0.0)	(80, 0.0)	(82, 0.0)	(84, 0.0)	(86, 3.881794980447214e-05)	(88, 0.0)	(90, 0.0)	(92, 0.0)	(94, 0.0)	(96, 9.242369001064795e-05)	(98, 0.0)	(100, 0.00016266569441874038)
